[preceeding sequence] [touch pressure, probability]
[0.1728, 0.1632, 0.2064, 0.2256, 0.1632] [0.2208, 0.5000]
[0.1632, 0.2064, 0.2256, 0.1632, 0.2208] [0.2352, 0.4286]
[0.2064, 0.2256, 0.1632, 0.2208, 0.2352] [0.1200, 0.4000]
[0.1632, 0.2496, 0.1344, 0.0864, 0.2592] [0.1296, 0.5000]
[0.2304, 0.1920, 0.2256, 0.2160, 0.2592] [0.1680, 0.7500]
[0.1920, 0.2256, 0.2160, 0.2592, 0.1680] [0.2112, 0.5455]
[0.2256, 0.2160, 0.2592, 0.1680, 0.2112] [0.1536, 0.1111]
[0.2160, 0.2592, 0.1680, 0.2112, 0.1536] [0.1536, 0.4000]
[0.2592, 0.1680, 0.2112, 0.1536, 0.1536] [0.2160, 0.1429]
[0.1680, 0.2112, 0.1536, 0.1536, 0.2160] [0.1104, 0.2857]
[0.2112, 0.1536, 0.1536, 0.2160, 0.1104] [0.1056, 0.3333]
[0.1536, 0.1536, 0.2160, 0.1104, 0.1056] [0.2352, 0.5000]
[0.1536, 0.2160, 0.1104, 0.1056, 0.2352] [0.1584, 1.0000]
[0.2160, 0.1104, 0.1056, 0.2352, 0.1584] [0.2544, 1.0000]
[0.1104, 0.1056, 0.2352, 0.1584, 0.2544] [0.1728, 1.0000]
[0.1056, 0.2352, 0.1584, 0.2544, 0.1728] [0.1488, 0.5000]
[0.2352, 0.1584, 0.2544, 0.1728, 0.1488] [0.2640, 0.5000]
[0.1920, 0.1872, 0.2064, 0.1584, 0.2352] [0.2064, 0.3636]
[0.1872, 0.2064, 0.1584, 0.2352, 0.2064] [0.2400, 0.4286]
[0.2064, 0.1584, 0.2352, 0.2064, 0.2400] [0.1296, 0.5000]
[0.1584, 0.2352, 0.2064, 0.2400, 0.1296] [0.1968, 0.5714]
[0.2352, 0.2064, 0.2400, 0.1296, 0.1968] [0.1008, 0.2857]
[0.2064, 0.2400, 0.1296, 0.1968, 0.1008] [0.1248, 1.0000]
[0.1584, 0.1776, 0.0768, 0.2064, 0.1248] [0.2208, 1.0000]
[0.1776, 0.0768, 0.2064, 0.1248, 0.2208] [0.1536, 1.0000]
[0.0768, 0.2064, 0.1248, 0.2208, 0.1536] [0.2640, 1.0000]
[0.2064, 0.1248, 0.2208, 0.1536, 0.2640] [0.1776, 0.7500]
[0.1248, 0.2208, 0.1536, 0.2640, 0.1776] [0.1536, 0.2000]
[0.1344, 0.2112, 0.2208, 0.1200, 0.1344] [0.1104, 0.5000]
[0.2112, 0.2208, 0.1200, 0.1344, 0.1104] [0.1584, 0.6000]
[0.2208, 0.1200, 0.1344, 0.1104, 0.1584] [0.1728, 0.3333]
[0.1200, 0.1344, 0.1104, 0.1584, 0.1728] [0.2496, 0.5000]
[0.1344, 0.1104, 0.1584, 0.1728, 0.2496] [0.2544, 0.6000]
[0.1104, 0.1584, 0.1728, 0.2496, 0.2544] [0.2544, 0.1429]
[0.1584, 0.1728, 0.2496, 0.2544, 0.2544] [0.1680, 0.6000]
[0.1728, 0.2496, 0.2544, 0.2544, 0.1680] [0.1008, 0.0909]
[0.2496, 0.2544, 0.2544, 0.1680, 0.1008] [0.1824, 1.0000]
[0.2544, 0.2544, 0.1680, 0.1008, 0.1824] [0.1344, 1.0000]
[0.2544, 0.1680, 0.1008, 0.1824, 0.1344] [0.2208, 1.0000]
[0.1680, 0.1008, 0.1824, 0.1344, 0.2208] [0.1152, 1.0000]
[0.1008, 0.1824, 0.1344, 0.2208, 0.1152] [0.2592, 1.0000]
[0.1824, 0.1344, 0.2208, 0.1152, 0.2592] [0.1968, 0.7500]
[0.1344, 0.2208, 0.1152, 0.2592, 0.1968] [0.1632, 0.2000]
[0.2208, 0.1152, 0.2592, 0.1968, 0.1632] [0.1632, 0.3333]
[0.1152, 0.2592, 0.1968, 0.1632, 0.1632] [0.1968, 0.3750]
[0.2592, 0.1968, 0.1632, 0.1632, 0.1968] [0.1968, 0.5000]
[0.1968, 0.1632, 0.1632, 0.1968, 0.1968] [0.1968, 0.5000]
[0.1632, 0.1632, 0.1968, 0.1968, 0.1968] [0.1296, 0.3333]
[0.1632, 0.1968, 0.1968, 0.1968, 0.1296] [0.2400, 0.5385]
[0.1968, 0.1968, 0.1968, 0.1296, 0.2400] [0.2400, 0.4545]
[0.1968, 0.1968, 0.1296, 0.2400, 0.2400] [0.1200, 0.4000]
[0.1968, 0.1296, 0.2400, 0.2400, 0.1200] [0.1392, 1.0000]
[0.1296, 0.2400, 0.2400, 0.1200, 0.1392] [0.2592, 0.6000]
[0.2400, 0.2400, 0.1200, 0.1392, 0.2592] [0.1872, 0.5000]
[0.2400, 0.1200, 0.1392, 0.2592, 0.1872] [0.2544, 0.5714]
[0.1776, 0.2208, 0.2448, 0.2448, 0.1872] [0.1344, 0.1818]
[0.2208, 0.2448, 0.2448, 0.1872, 0.1344] [0.1152, 1.0000]
[0.2448, 0.2448, 0.1872, 0.1344, 0.1152] [0.1248, 0.4444]
[0.2448, 0.1872, 0.1344, 0.1152, 0.1248] [0.1056, 0.2000]
[0.1872, 0.1344, 0.1152, 0.1248, 0.1056] [0.1776, 0.5000]
[0.1344, 0.1152, 0.1248, 0.1056, 0.1776] [0.1392, 1.0000]
[0.1152, 0.1248, 0.1056, 0.1776, 0.1392] [0.1872, 1.0000]
[0.1248, 0.1056, 0.1776, 0.1392, 0.1872] [0.1248, 0.5000]
[0.1056, 0.1776, 0.1392, 0.1872, 0.1248] [0.1104, 1.0000]
[0.1776, 0.1392, 0.1872, 0.1248, 0.1104] [0.1152, 0.6000]
[0.1392, 0.1872, 0.1248, 0.1104, 0.1152] [0.1440, 0.2000]
[0.1872, 0.1248, 0.1104, 0.1152, 0.1440] [0.1584, 0.2000]
[0.1248, 0.1104, 0.1152, 0.1440, 0.1584] [0.1536, 0.4000]
[0.1104, 0.1152, 0.1440, 0.1584, 0.1536] [0.1344, 0.4000]
[0.1152, 0.1440, 0.1584, 0.1536, 0.1344] [0.1632, 0.4000]
[0.1440, 0.1584, 0.1536, 0.1344, 0.1632] [0.2160, 0.5000]
[0.1584, 0.1536, 0.1344, 0.1632, 0.2160] [0.2448, 0.6000]
[0.1536, 0.1344, 0.1632, 0.2160, 0.2448] [0.2112, 0.5714]
[0.1344, 0.1632, 0.2160, 0.2448, 0.2112] [0.1872, 0.2000]
[0.1632, 0.2160, 0.2448, 0.2112, 0.1872] [0.2064, 0.6667]
[0.2448, 0.2016, 0.1536, 0.1008, 0.2256] [0.1152, 1.0000]
[0.2016, 0.1536, 0.1008, 0.2256, 0.1152] [0.1152, 1.0000]
[0.1536, 0.1632, 0.1488, 0.1872, 0.2496] [0.2016, 0.6000]
[0.1632, 0.1488, 0.1872, 0.2496, 0.2016] [0.1728, 0.3333]
[0.1728, 0.1056, 0.1680, 0.2496, 0.2208] [0.1200, 0.5000]
[0.1056, 0.1680, 0.2496, 0.2208, 0.1200] [0.1488, 1.0000]
[0.1680, 0.2496, 0.2208, 0.1200, 0.1488] [0.1824, 0.1667]
[0.1968, 0.1872, 0.2112, 0.2400, 0.2064] [0.2544, 0.5000]
[0.1872, 0.2112, 0.2400, 0.2064, 0.2544] [0.1968, 0.2857]
[0.1824, 0.1440, 0.1824, 0.1104, 0.0864] [0.2256, 1.0000]
[0.1440, 0.1824, 0.1104, 0.0864, 0.2256] [0.2112, 1.0000]
[0.1824, 0.1104, 0.0864, 0.2256, 0.2112] [0.1584, 0.3333]
[0.1104, 0.0864, 0.2256, 0.2112, 0.1584] [0.0672, 0.5000]
[0.0864, 0.2256, 0.2112, 0.1584, 0.0672] [0.0720, 1.0000]
[0.2256, 0.2112, 0.1584, 0.0672, 0.0720] [0.1056, 1.0000]
[0.2112, 0.1584, 0.0672, 0.0720, 0.1056] [0.2592, 0.5000]
[0.1344, 0.1680, 0.2256, 0.2592, 0.2304] [0.2304, 0.2000]
[0.1680, 0.2256, 0.2592, 0.2304, 0.2304] [0.2064, 0.4286]
[0.1104, 0.1920, 0.1824, 0.1968, 0.1728] [0.1776, 0.5385]
[0.1920, 0.1824, 0.1968, 0.1728, 0.1776] [0.1776, 0.5000]
[0.1824, 0.1968, 0.1728, 0.1776, 0.1776] [0.1248, 0.3333]
[0.1968, 0.1728, 0.1776, 0.1776, 0.1248] [0.2304, 0.5385]
[0.1728, 0.1776, 0.1776, 0.1248, 0.2304] [0.2352, 0.4545]
[0.2448, 0.2064, 0.1440, 0.1152, 0.2112] [0.2544, 0.6000]
[0.2112, 0.1632, 0.2592, 0.0672, 0.1392] [0.2256, 1.0000]
[0.1632, 0.2592, 0.0672, 0.1392, 0.2256] [0.2112, 0.5000]
[0.2592, 0.0672, 0.1392, 0.2256, 0.2112] [0.1632, 1.0000]
[0.0672, 0.1392, 0.2256, 0.2112, 0.1632] [0.1392, 1.0000]
[0.1392, 0.2256, 0.2112, 0.1632, 0.1392] [0.1440, 0.3333]
[0.2256, 0.2112, 0.1632, 0.1392, 0.1440] [0.2016, 0.4286]
[0.1248, 0.2208, 0.2112, 0.1584, 0.2592] [0.2112, 0.8000]
[0.2352, 0.2544, 0.1920, 0.1824, 0.1872] [0.1728, 0.4545]
[0.2544, 0.1920, 0.1824, 0.1872, 0.1728] [0.1920, 0.5000]
[0.1920, 0.1824, 0.1872, 0.1728, 0.1920] [0.2112, 0.5000]
[0.2064, 0.2064, 0.0384, 0.2640, 0.1872] [0.1440, 1.0000]
[0.2064, 0.0384, 0.2640, 0.1872, 0.1440] [0.1296, 1.0000]
[0.1200, 0.2544, 0.2112, 0.2400, 0.1008] [0.1584, 0.5000]
[0.2544, 0.2112, 0.2400, 0.1008, 0.1584] [0.1440, 1.0000]
[0.2112, 0.2400, 0.1008, 0.1584, 0.1440] [0.1728, 1.0000]
[0.2400, 0.1008, 0.1584, 0.1440, 0.1728] [0.1296, 1.0000]
[0.2592, 0.1296, 0.1728, 0.1632, 0.2304] [0.1296, 0.4000]
[0.1776, 0.1488, 0.2640, 0.2256, 0.2112] [0.1680, 1.0000]
[0.1488, 0.2640, 0.2256, 0.2112, 0.1680] [0.1440, 0.2500]
[0.2640, 0.2256, 0.2112, 0.1680, 0.1440] [0.1632, 0.2000]
[0.2256, 0.2112, 0.1680, 0.1440, 0.1632] [0.1248, 0.2000]
[0.1824, 0.2400, 0.2112, 0.1920, 0.1776] [0.1536, 0.3333]
[0.2400, 0.2112, 0.1920, 0.1776, 0.1536] [0.1968, 0.5000]
[0.2112, 0.1920, 0.1776, 0.1536, 0.1968] [0.2304, 0.4545]
[0.1920, 0.1776, 0.1536, 0.1968, 0.2304] [0.1680, 0.3750]
[0.1776, 0.1536, 0.1968, 0.2304, 0.1680] [0.1728, 0.3333]
[0.1536, 0.1968, 0.2304, 0.1680, 0.1728] [0.1056, 0.1111]
[0.1968, 0.2304, 0.1680, 0.1728, 0.1056] [0.1680, 1.0000]
[0.2304, 0.1680, 0.1728, 0.1056, 0.1680] [0.0720, 0.5000]
[0.1680, 0.1728, 0.1056, 0.1680, 0.0720] [0.0864, 1.0000]
[0.1728, 0.1056, 0.1680, 0.0720, 0.0864] [0.0864, 1.0000]
[0.1056, 0.1680, 0.0720, 0.0864, 0.0864] [0.1920, 1.0000]
[0.1680, 0.0720, 0.0864, 0.0864, 0.1920] [0.1104, 1.0000]
[0.1248, 0.1488, 0.1968, 0.1440, 0.1776] [0.2400, 0.3333]
[0.1488, 0.1968, 0.1440, 0.1776, 0.2400] [0.1632, 0.6000]
[0.1968, 0.1440, 0.1776, 0.2400, 0.1632] [0.1776, 0.3333]
[0.1440, 0.1776, 0.2400, 0.1632, 0.1776] [0.2400, 0.5556]
[0.1776, 0.2400, 0.1632, 0.1776, 0.2400] [0.2064, 0.7143]
[0.2400, 0.1632, 0.1776, 0.2400, 0.2064] [0.1632, 0.5714]
[0.1632, 0.1776, 0.2400, 0.2064, 0.1632] [0.2112, 0.5455]
[0.1776, 0.2400, 0.2064, 0.1632, 0.2112] [0.1440, 0.3333]
[0.1536, 0.1536, 0.2496, 0.2496, 0.2160] [0.2352, 1.0000]
[0.1536, 0.2496, 0.2496, 0.2160, 0.2352] [0.2496, 0.6667]
[0.2496, 0.2496, 0.2160, 0.2352, 0.2496] [0.1968, 0.6667]
[0.2496, 0.2160, 0.2352, 0.2496, 0.1968] [0.1392, 0.2000]
[0.2160, 0.2352, 0.2496, 0.1968, 0.1392] [0.1392, 1.0000]
[0.2352, 0.2496, 0.1968, 0.1392, 0.1392] [0.1968, 0.3333]
[0.2448, 0.1776, 0.1872, 0.1392, 0.1392] [0.1392, 0.4286]
[0.2064, 0.2208, 0.1104, 0.1584, 0.1584] [0.2256, 0.2000]
[0.2208, 0.1104, 0.1584, 0.1584, 0.2256] [0.1728, 0.6667]
[0.1104, 0.1584, 0.1584, 0.2256, 0.1728] [0.1248, 0.5000]
[0.1584, 0.1584, 0.2256, 0.1728, 0.1248] [0.1632, 0.5000]
[0.1584, 0.2256, 0.1728, 0.1248, 0.1632] [0.1824, 0.6000]
[0.2496, 0.1776, 0.2640, 0.0480, 0.0864] [0.0816, 1.0000]
[0.1776, 0.2640, 0.0480, 0.0864, 0.0816] [0.2400, 1.0000]
[0.2640, 0.0480, 0.0864, 0.0816, 0.2400] [0.1872, 1.0000]
[0.0480, 0.0864, 0.0816, 0.2400, 0.1872] [0.2496, 1.0000]
[0.0864, 0.0816, 0.2400, 0.1872, 0.2496] [0.1152, 1.0000]
[0.0816, 0.2400, 0.1872, 0.2496, 0.1152] [0.1056, 0.6667]
[0.2400, 0.1872, 0.2496, 0.1152, 0.1056] [0.2352, 0.5000]
[0.1872, 0.2496, 0.1152, 0.1056, 0.2352] [0.2352, 0.5000]
[0.1776, 0.2592, 0.1728, 0.2208, 0.1248] [0.2256, 0.7500]
[0.2592, 0.1728, 0.2208, 0.1248, 0.2256] [0.1440, 0.1429]
[0.1728, 0.2208, 0.1248, 0.2256, 0.1440] [0.2256, 0.5000]
[0.2208, 0.1248, 0.2256, 0.1440, 0.2256] [0.1872, 0.6667]
[0.1728, 0.1584, 0.2544, 0.1872, 0.1920] [0.1008, 0.2500]
[0.1584, 0.1104, 0.1008, 0.1536, 0.1872] [0.1200, 0.1667]
[0.1104, 0.1008, 0.1536, 0.1872, 0.1200] [0.2064, 1.0000]
[0.1008, 0.1536, 0.1872, 0.1200, 0.2064] [0.2064, 1.0000]
[0.1536, 0.1872, 0.1200, 0.2064, 0.2064] [0.2160, 0.2727]
[0.1872, 0.1200, 0.2064, 0.2064, 0.2160] [0.2208, 0.5556]
[0.1200, 0.2064, 0.2064, 0.2160, 0.2208] [0.1920, 0.1429]
[0.2064, 0.2064, 0.2160, 0.2208, 0.1920] [0.2304, 0.3333]
[0.2064, 0.2160, 0.2208, 0.1920, 0.2304] [0.1344, 0.3333]
[0.2160, 0.2208, 0.1920, 0.2304, 0.1344] [0.1776, 0.5000]
[0.2208, 0.1920, 0.2304, 0.1344, 0.1776] [0.0960, 0.2857]
[0.2160, 0.2112, 0.2064, 0.1968, 0.2016] [0.1200, 0.0833]
[0.2112, 0.2064, 0.1968, 0.2016, 0.1200] [0.1584, 0.2308]
[0.2064, 0.1968, 0.2016, 0.1200, 0.1584] [0.2448, 0.4286]
[0.1968, 0.2016, 0.1200, 0.1584, 0.2448] [0.1344, 0.2857]
[0.2016, 0.1200, 0.1584, 0.2448, 0.1344] [0.2256, 0.3333]
[0.1200, 0.1584, 0.2448, 0.1344, 0.2256] [0.1920, 0.6667]
[0.1584, 0.2448, 0.1344, 0.2256, 0.1920] [0.2496, 0.6000]
[0.2448, 0.1344, 0.2256, 0.1920, 0.2496] [0.1920, 0.2500]
[0.1344, 0.2256, 0.1920, 0.2496, 0.1920] [0.2160, 0.5000]
[0.2256, 0.1920, 0.2496, 0.1920, 0.2160] [0.2448, 0.3750]
[0.1920, 0.2496, 0.1920, 0.2160, 0.2448] [0.2400, 0.4000]
[0.2640, 0.1536, 0.1680, 0.1440, 0.1920] [0.1200, 0.6000]
[0.2208, 0.1440, 0.2448, 0.2160, 0.1248] [0.2496, 0.6667]
[0.1440, 0.2448, 0.2160, 0.1248, 0.2496] [0.2448, 0.5000]
[0.2448, 0.2160, 0.1248, 0.2496, 0.2448] [0.1872, 1.0000]
[0.2160, 0.1248, 0.2496, 0.2448, 0.1872] [0.1584, 0.3333]
[0.1248, 0.2496, 0.2448, 0.1872, 0.1584] [0.2448, 0.6667]
[0.2496, 0.2448, 0.1872, 0.1584, 0.2448] [0.2400, 0.6000]
[0.1536, 0.2448, 0.1728, 0.1632, 0.2640] [0.0816, 0.1429]
[0.2448, 0.1728, 0.1632, 0.2640, 0.0816] [0.0672, 1.0000]
[0.1728, 0.1632, 0.2640, 0.0816, 0.0672] [0.0672, 1.0000]
[0.1632, 0.2640, 0.0816, 0.0672, 0.0672] [0.0816, 1.0000]
[0.2640, 0.0816, 0.0672, 0.0672, 0.0816] [0.1680, 1.0000]
[0.0816, 0.0672, 0.0672, 0.0816, 0.1680] [0.2112, 1.0000]
[0.1968, 0.1200, 0.0960, 0.1152, 0.1248] [0.2304, 0.6667]
[0.1200, 0.0960, 0.1152, 0.1248, 0.2304] [0.2544, 0.6667]
[0.2160, 0.2256, 0.1536, 0.2160, 0.1392] [0.1392, 0.6667]
[0.2256, 0.1536, 0.2160, 0.1392, 0.1392] [0.2640, 1.0000]
[0.2448, 0.1200, 0.1536, 0.1536, 0.1824] [0.1824, 0.4000]
[0.1200, 0.1536, 0.1536, 0.1824, 0.1824] [0.1776, 0.7143]
[0.1536, 0.1536, 0.1824, 0.1824, 0.1776] [0.2544, 0.3333]
[0.1536, 0.1824, 0.1824, 0.1776, 0.2544] [0.1920, 0.5556]
[0.1824, 0.1824, 0.1776, 0.2544, 0.1920] [0.2160, 0.5000]
[0.1824, 0.1296, 0.1584, 0.2592, 0.1968] [0.2640, 0.3333]
[0.0768, 0.0960, 0.1152, 0.0864, 0.0864] [0.1968, 1.0000]
[0.2016, 0.2208, 0.1008, 0.1248, 0.1824] [0.2544, 0.5000]
[0.2208, 0.1008, 0.1248, 0.1824, 0.2544] [0.1920, 1.0000]
[0.1008, 0.1248, 0.1824, 0.2544, 0.1920] [0.1968, 1.0000]
[0.1248, 0.1824, 0.2544, 0.1920, 0.1968] [0.2496, 0.5556]
[0.1584, 0.1632, 0.1632, 0.1968, 0.2400] [0.1872, 0.5556]
[0.1632, 0.1632, 0.1968, 0.2400, 0.1872] [0.2256, 0.5000]
[0.1632, 0.1968, 0.2400, 0.1872, 0.2256] [0.1536, 0.2857]
[0.2592, 0.2064, 0.1872, 0.1824, 0.1152] [0.1248, 0.5000]
[0.2064, 0.1872, 0.1824, 0.1152, 0.1248] [0.2208, 0.4286]
[0.1872, 0.1824, 0.1152, 0.1248, 0.2208] [0.1776, 0.5714]
[0.1824, 0.1152, 0.1248, 0.2208, 0.1776] [0.2400, 0.3333]
[0.1152, 0.1248, 0.2208, 0.1776, 0.2400] [0.1824, 0.3333]
[0.1248, 0.2208, 0.1776, 0.2400, 0.1824] [0.1488, 0.2500]
[0.2208, 0.1776, 0.2400, 0.1824, 0.1488] [0.2640, 0.5000]
[0.1776, 0.2400, 0.1824, 0.1488, 0.2640] [0.2592, 0.5000]
[0.1968, 0.1200, 0.2256, 0.1680, 0.1056] [0.2112, 1.0000]
[0.1200, 0.2256, 0.1680, 0.1056, 0.2112] [0.2064, 1.0000]
[0.2256, 0.1680, 0.1056, 0.2112, 0.2064] [0.2592, 0.3333]
[0.1680, 0.1056, 0.2112, 0.2064, 0.2592] [0.2592, 0.5000]
[0.1056, 0.2112, 0.2064, 0.2592, 0.2592] [0.2400, 0.5000]
[0.2112, 0.2064, 0.2592, 0.2592, 0.2400] [0.2304, 0.4000]
[0.2064, 0.2592, 0.2592, 0.2400, 0.2304] [0.1824, 0.4286]
[0.2592, 0.2592, 0.2400, 0.2304, 0.1824] [0.2496, 0.4000]
[0.2592, 0.2400, 0.2304, 0.1824, 0.2496] [0.2160, 0.2857]
[0.2256, 0.1584, 0.1392, 0.2016, 0.1536] [0.2064, 0.2500]
[0.1584, 0.1392, 0.2016, 0.1536, 0.2064] [0.2208, 0.3333]
[0.1392, 0.2016, 0.1536, 0.2064, 0.2208] [0.1344, 0.2000]
[0.2016, 0.1536, 0.2064, 0.2208, 0.1344] [0.1680, 0.4000]
[0.1536, 0.2064, 0.2208, 0.1344, 0.1680] [0.1872, 0.1667]
[0.2064, 0.2208, 0.1344, 0.1680, 0.1872] [0.1056, 0.2000]
[0.2208, 0.1344, 0.1680, 0.1872, 0.1056] [0.1392, 0.5000]
[0.1344, 0.1680, 0.1872, 0.1056, 0.1392] [0.1632, 0.5000]
[0.1680, 0.1872, 0.1056, 0.1392, 0.1632] [0.2160, 0.6667]
[0.1488, 0.1488, 0.2016, 0.1968, 0.2496] [0.1056, 0.2500]
[0.1488, 0.2016, 0.1968, 0.2496, 0.1056] [0.1680, 1.0000]
[0.2016, 0.1968, 0.2496, 0.1056, 0.1680] [0.1824, 1.0000]
[0.1968, 0.2496, 0.1056, 0.1680, 0.1824] [0.1200, 1.0000]
[0.2208, 0.1584, 0.1248, 0.2304, 0.1104] [0.2352, 0.3333]
[0.1584, 0.1248, 0.2304, 0.1104, 0.2352] [0.2304, 0.3333]
[0.1248, 0.2304, 0.1104, 0.2352, 0.2304] [0.1776, 1.0000]
[0.2304, 0.1104, 0.2352, 0.2304, 0.1776] [0.2016, 0.3333]
[0.1104, 0.2352, 0.2304, 0.1776, 0.2016] [0.2400, 0.2500]
[0.2352, 0.2304, 0.1776, 0.2016, 0.2400] [0.2448, 0.6000]
[0.2304, 0.1776, 0.2016, 0.2400, 0.2448] [0.1536, 0.5000]
[0.1776, 0.2016, 0.2400, 0.2448, 0.1536] [0.1872, 0.5714]
[0.1536, 0.1488, 0.2352, 0.2160, 0.1584] [0.1920, 0.5000]
[0.1488, 0.2352, 0.2160, 0.1584, 0.1920] [0.2592, 0.3333]
[0.2352, 0.2160, 0.1584, 0.1920, 0.2592] [0.2544, 0.4000]
[0.2160, 0.1584, 0.1920, 0.2592, 0.2544] [0.1152, 0.2500]
[0.1584, 0.1920, 0.2592, 0.2544, 0.1152] [0.0912, 0.2500]
[0.1920, 0.2592, 0.2544, 0.1152, 0.0912] [0.0864, 1.0000]
[0.1344, 0.1056, 0.2592, 0.1872, 0.2256] [0.1824, 0.5000]
[0.1056, 0.2592, 0.1872, 0.2256, 0.1824] [0.2112, 0.3333]
[0.2592, 0.1872, 0.2256, 0.1824, 0.2112] [0.1536, 0.2857]
[0.1872, 0.2256, 0.1824, 0.2112, 0.1536] [0.0864, 0.3333]
[0.2256, 0.1824, 0.2112, 0.1536, 0.0864] [0.2064, 0.6000]
[0.1824, 0.2112, 0.1536, 0.0864, 0.2064] [0.2160, 0.2500]
[0.2112, 0.1536, 0.0864, 0.2064, 0.2160] [0.1632, 1.0000]
[0.1536, 0.0864, 0.2064, 0.2160, 0.1632] [0.1536, 1.0000]
[0.1776, 0.2256, 0.2352, 0.2400, 0.2496] [0.2496, 0.4286]
[0.2256, 0.2352, 0.2400, 0.2496, 0.2496] [0.1248, 0.3333]
[0.2352, 0.2400, 0.2496, 0.2496, 0.1248] [0.1632, 1.0000]
[0.2400, 0.2496, 0.2496, 0.1248, 0.1632] [0.2256, 0.3333]
[0.2496, 0.2496, 0.1248, 0.1632, 0.2256] [0.1152, 0.4000]
[0.2496, 0.1248, 0.1632, 0.2256, 0.1152] [0.1296, 0.6667]
[0.1248, 0.1632, 0.2256, 0.1152, 0.1296] [0.1488, 0.5000]
[0.1632, 0.2256, 0.1152, 0.1296, 0.1488] [0.1680, 0.2000]
[0.2256, 0.1152, 0.1296, 0.1488, 0.1680] [0.2208, 0.2000]
[0.1152, 0.1296, 0.1488, 0.1680, 0.2208] [0.0912, 0.2000]
[0.1296, 0.1488, 0.1680, 0.2208, 0.0912] [0.2496, 1.0000]
[0.1488, 0.1680, 0.2208, 0.0912, 0.2496] [0.2016, 1.0000]
[0.1440, 0.2544, 0.1632, 0.2544, 0.2112] [0.2640, 0.5000]
[0.2544, 0.1632, 0.2544, 0.2112, 0.2640] [0.1392, 0.2500]
[0.1488, 0.1632, 0.1440, 0.1728, 0.1728] [0.2592, 0.2727]
[0.1632, 0.1440, 0.1728, 0.1728, 0.2592] [0.2640, 0.5556]
[0.1440, 0.1728, 0.1728, 0.2592, 0.2640] [0.1392, 0.5714]
[0.1728, 0.1728, 0.2592, 0.2640, 0.1392] [0.1488, 0.4286]
[0.1728, 0.2592, 0.2640, 0.1392, 0.1488] [0.1152, 0.3333]
[0.2592, 0.2640, 0.1392, 0.1488, 0.1152] [0.1104, 0.5000]
[0.2640, 0.1392, 0.1488, 0.1152, 0.1104] [0.1344, 0.6667]
[0.1392, 0.1488, 0.1152, 0.1104, 0.1344] [0.1776, 0.4000]
[0.1488, 0.1152, 0.1104, 0.1344, 0.1776] [0.1728, 0.2500]
[0.1152, 0.1104, 0.1344, 0.1776, 0.1728] [0.1776, 0.7143]
[0.1920, 0.2112, 0.1872, 0.1776, 0.2208] [0.1632, 0.3636]
[0.2112, 0.1872, 0.1776, 0.2208, 0.1632] [0.1632, 0.2500]
[0.1872, 0.1776, 0.2208, 0.1632, 0.1632] [0.1440, 0.3636]
[0.1776, 0.2208, 0.1632, 0.1632, 0.1440] [0.2160, 0.3333]
[0.2208, 0.1632, 0.1632, 0.1440, 0.2160] [0.1680, 0.7500]
[0.2496, 0.1056, 0.1728, 0.1872, 0.2400] [0.1920, 1.0000]
[0.1056, 0.1728, 0.1872, 0.2400, 0.1920] [0.1344, 1.0000]
[0.1728, 0.1872, 0.2400, 0.1920, 0.1344] [0.1776, 0.6667]
[0.1536, 0.1824, 0.2448, 0.1872, 0.2064] [0.2448, 0.5556]
[0.1440, 0.1440, 0.1584, 0.1008, 0.1344] [0.1488, 1.0000]
[0.2208, 0.2448, 0.1872, 0.0912, 0.2304] [0.1632, 0.6667]
[0.2016, 0.1728, 0.1248, 0.1248, 0.1728] [0.1632, 0.4545]
[0.1728, 0.1248, 0.1248, 0.1728, 0.1632] [0.1536, 0.4000]
[0.1872, 0.1632, 0.0912, 0.0960, 0.1488] [0.1536, 0.5000]
[0.1632, 0.0912, 0.0960, 0.1488, 0.1536] [0.1920, 1.0000]
[0.0912, 0.0960, 0.1488, 0.1536, 0.1920] [0.1248, 1.0000]
[0.2064, 0.1584, 0.1488, 0.1920, 0.1728] [0.2352, 0.2000]
[0.1584, 0.1488, 0.1920, 0.1728, 0.2352] [0.1440, 0.2500]
[0.1488, 0.1920, 0.1728, 0.2352, 0.1440] [0.2304, 0.6000]
[0.1920, 0.1728, 0.2352, 0.1440, 0.2304] [0.1584, 0.3333]
[0.1728, 0.2352, 0.1440, 0.2304, 0.1584] [0.1872, 0.5000]
[0.2352, 0.1440, 0.2304, 0.1584, 0.1872] [0.1536, 0.2000]
[0.1440, 0.2304, 0.1584, 0.1872, 0.1536] [0.1728, 0.7500]
[0.2304, 0.1584, 0.1872, 0.1536, 0.1728] [0.1728, 0.4000]
[0.1584, 0.1872, 0.1536, 0.1728, 0.1728] [0.1584, 0.3636]
[0.1872, 0.1536, 0.1728, 0.1728, 0.1584] [0.2352, 0.3333]
[0.1536, 0.1728, 0.1728, 0.1584, 0.2352] [0.1488, 0.3333]
[0.1728, 0.1728, 0.1584, 0.2352, 0.1488] [0.2256, 0.5000]
[0.1728, 0.1584, 0.2352, 0.1488, 0.2256] [0.1488, 0.2500]
[0.1584, 0.2352, 0.1488, 0.2256, 0.1488] [0.1632, 0.6667]
[0.2352, 0.1488, 0.2256, 0.1488, 0.1632] [0.2544, 0.2000]
[0.1488, 0.2256, 0.1488, 0.1632, 0.2544] [0.1584, 0.4000]
[0.2256, 0.1488, 0.1632, 0.2544, 0.1584] [0.1680, 0.3333]
[0.1488, 0.1632, 0.2544, 0.1584, 0.1680] [0.2352, 0.5000]
[0.1632, 0.2544, 0.1584, 0.1680, 0.2352] [0.1056, 0.4000]
[0.2544, 0.1584, 0.1680, 0.2352, 0.1056] [0.1584, 1.0000]
[0.1584, 0.1680, 0.2352, 0.1056, 0.1584] [0.1920, 0.5000]
[0.1680, 0.2352, 0.1056, 0.1584, 0.1920] [0.0912, 0.5000]
[0.2352, 0.1056, 0.1584, 0.1920, 0.0912] [0.2400, 1.0000]
[0.1056, 0.1584, 0.1920, 0.0912, 0.2400] [0.1536, 1.0000]
[0.1584, 0.1920, 0.0912, 0.2400, 0.1536] [0.2160, 1.0000]
[0.1920, 0.0912, 0.2400, 0.1536, 0.2160] [0.2304, 1.0000]
[0.0912, 0.2400, 0.1536, 0.2160, 0.2304] [0.1632, 1.0000]
[0.2400, 0.1536, 0.2160, 0.2304, 0.1632] [0.2064, 0.3333]
[0.1536, 0.2160, 0.2304, 0.1632, 0.2064] [0.1632, 0.5000]
[0.2160, 0.2304, 0.1632, 0.2064, 0.1632] [0.1728, 0.4545]
[0.1632, 0.1680, 0.2256, 0.2352, 0.2592] [0.2256, 0.4000]
[0.2640, 0.1488, 0.1536, 0.1536, 0.2304] [0.1296, 0.3333]
[0.1488, 0.1536, 0.1536, 0.2304, 0.1296] [0.2064, 0.5000]
[0.1536, 0.1536, 0.2304, 0.1296, 0.2064] [0.1728, 0.5000]
[0.1536, 0.2304, 0.1296, 0.2064, 0.1728] [0.1776, 0.5000]
[0.2304, 0.1296, 0.2064, 0.1728, 0.1776] [0.1536, 0.3333]
[0.1296, 0.2064, 0.1728, 0.1776, 0.1536] [0.0864, 0.1111]
[0.2064, 0.1728, 0.1776, 0.1536, 0.0864] [0.2112, 0.5000]
[0.1728, 0.1776, 0.1536, 0.0864, 0.2112] [0.1824, 0.2500]
[0.1776, 0.1536, 0.0864, 0.2112, 0.1824] [0.2016, 0.8000]
[0.1536, 0.0864, 0.2112, 0.1824, 0.2016] [0.2592, 0.5000]
[0.0864, 0.2112, 0.1824, 0.2016, 0.2592] [0.1920, 0.7500]
[0.2352, 0.1488, 0.1488, 0.1344, 0.1680] [0.1056, 0.4000]
[0.1488, 0.1488, 0.1344, 0.1680, 0.1056] [0.1824, 0.5000]
[0.1488, 0.1344, 0.1680, 0.1056, 0.1824] [0.1056, 0.5000]
[0.1344, 0.1680, 0.1056, 0.1824, 0.1056] [0.2544, 0.5000]
[0.1680, 0.1056, 0.1824, 0.1056, 0.2544] [0.1920, 1.0000]
[0.1056, 0.1824, 0.1056, 0.2544, 0.1920] [0.1488, 1.0000]
[0.2064, 0.2064, 0.1584, 0.1920, 0.2016] [0.2160, 0.4000]
[0.2064, 0.1584, 0.1920, 0.2016, 0.2160] [0.2160, 0.5556]
[0.2448, 0.1728, 0.2352, 0.1920, 0.1632] [0.1968, 0.1429]
[0.1728, 0.2352, 0.1920, 0.1632, 0.1968] [0.1968, 0.4444]
[0.2352, 0.1920, 0.1632, 0.1968, 0.1968] [0.2400, 0.3333]
[0.1296, 0.1488, 0.1920, 0.1344, 0.1632] [0.1344, 0.5000]
[0.1488, 0.1920, 0.1344, 0.1632, 0.1344] [0.1824, 0.5000]
[0.1920, 0.1344, 0.1632, 0.1344, 0.1824] [0.1824, 0.8000]
[0.1344, 0.1632, 0.1344, 0.1824, 0.1824] [0.2112, 0.3636]
[0.1632, 0.1344, 0.1824, 0.1824, 0.2112] [0.1728, 0.4615]
[0.1344, 0.1824, 0.1824, 0.2112, 0.1728] [0.1872, 0.5385]
[0.1152, 0.1680, 0.1728, 0.1872, 0.2160] [0.1632, 0.5556]
[0.1680, 0.1728, 0.1872, 0.2160, 0.1632] [0.2448, 0.5000]
[0.1728, 0.1872, 0.2160, 0.1632, 0.2448] [0.2304, 0.4286]
[0.1872, 0.2160, 0.1632, 0.2448, 0.2304] [0.1968, 0.2000]
[0.2160, 0.1632, 0.2448, 0.2304, 0.1968] [0.2448, 1.0000]
[0.1632, 0.2448, 0.2304, 0.1968, 0.2448] [0.2304, 0.3333]
[0.2448, 0.2304, 0.1968, 0.2448, 0.2304] [0.2208, 0.5000]
[0.2304, 0.1968, 0.2448, 0.2304, 0.2208] [0.1776, 0.7500]
[0.1968, 0.2448, 0.2304, 0.2208, 0.1776] [0.2016, 0.5455]
[0.2448, 0.2304, 0.2208, 0.1776, 0.2016] [0.2400, 0.3333]
[0.2304, 0.2208, 0.1776, 0.2016, 0.2400] [0.2496, 0.6000]
[0.2208, 0.1776, 0.2016, 0.2400, 0.2496] [0.2256, 0.5000]
[0.1776, 0.2016, 0.2400, 0.2496, 0.2256] [0.2064, 0.4000]
[0.1392, 0.1200, 0.0912, 0.2448, 0.2160] [0.1728, 0.5000]
[0.1200, 0.0912, 0.2448, 0.2160, 0.1728] [0.1536, 1.0000]
[0.0912, 0.2448, 0.2160, 0.1728, 0.1536] [0.1392, 1.0000]
[0.2448, 0.2160, 0.1728, 0.1536, 0.1392] [0.1392, 0.4444]
[0.2160, 0.1728, 0.1536, 0.1392, 0.1392] [0.0624, 0.2000]
[0.1728, 0.1536, 0.1392, 0.1392, 0.0624] [0.2208, 0.5000]
[0.1536, 0.1392, 0.1392, 0.0624, 0.2208] [0.2400, 1.0000]
[0.1392, 0.1392, 0.0624, 0.2208, 0.2400] [0.2304, 0.5000]
[0.1392, 0.0624, 0.2208, 0.2400, 0.2304] [0.1920, 1.0000]
[0.1200, 0.2256, 0.2304, 0.2112, 0.1728] [0.1632, 0.5000]
[0.2256, 0.2304, 0.2112, 0.1728, 0.1632] [0.1872, 0.4545]
[0.2304, 0.2112, 0.1728, 0.1632, 0.1872] [0.2016, 0.5000]
[0.2112, 0.1728, 0.1632, 0.1872, 0.2016] [0.1536, 0.3333]
[0.1728, 0.1632, 0.1872, 0.2016, 0.1536] [0.2448, 0.5385]
[0.1632, 0.1872, 0.2016, 0.1536, 0.2448] [0.2112, 0.3636]
[0.1872, 0.2016, 0.1536, 0.2448, 0.2112] [0.1296, 0.2857]
[0.2016, 0.1536, 0.2448, 0.2112, 0.1296] [0.1296, 0.5000]
[0.1536, 0.2448, 0.2112, 0.1296, 0.1296] [0.2208, 0.6667]
[0.2448, 0.2112, 0.1296, 0.1296, 0.2208] [0.1152, 0.5000]
[0.2112, 0.1296, 0.1296, 0.2208, 0.1152] [0.1008, 0.3333]
[0.1296, 0.1296, 0.2208, 0.1152, 0.1008] [0.1440, 0.5000]
[0.2112, 0.0960, 0.2544, 0.1920, 0.2256] [0.1632, 1.0000]
[0.1728, 0.2544, 0.1488, 0.1776, 0.1680] [0.2160, 0.2000]
[0.1248, 0.1728, 0.1200, 0.1920, 0.2640] [0.1632, 0.6000]
[0.1728, 0.1200, 0.1920, 0.2640, 0.1632] [0.2256, 0.2222]
[0.1920, 0.1392, 0.1200, 0.1776, 0.1344] [0.2064, 0.3750]
[0.1392, 0.1200, 0.1776, 0.1344, 0.2064] [0.1584, 0.5000]
[0.1200, 0.1776, 0.1344, 0.2064, 0.1584] [0.1824, 0.5000]
[0.1776, 0.1344, 0.2064, 0.1584, 0.1824] [0.2112, 0.8000]
[0.1344, 0.2064, 0.1584, 0.1824, 0.2112] [0.2016, 0.3636]
[0.2064, 0.1584, 0.1824, 0.2112, 0.2016] [0.1872, 0.4615]
[0.1584, 0.1824, 0.2112, 0.2016, 0.1872] [0.2496, 0.0769]
[0.1440, 0.1728, 0.1248, 0.1440, 0.2544] [0.1440, 0.3333]
[0.1728, 0.1248, 0.1440, 0.2544, 0.1440] [0.1440, 0.3333]
[0.1248, 0.1440, 0.2544, 0.1440, 0.1440] [0.1824, 0.5000]
[0.1440, 0.2544, 0.1440, 0.1440, 0.1824] [0.2160, 0.5000]
[0.2544, 0.1440, 0.1440, 0.1824, 0.2160] [0.1536, 0.5000]
[0.1440, 0.1440, 0.1824, 0.2160, 0.1536] [0.1920, 0.6667]
[0.1440, 0.1824, 0.2160, 0.1536, 0.1920] [0.2256, 0.5000]
[0.1824, 0.2160, 0.1536, 0.1920, 0.2256] [0.0912, 0.4000]
[0.2160, 0.1536, 0.1920, 0.2256, 0.0912] [0.1584, 1.0000]
[0.1536, 0.1920, 0.2256, 0.0912, 0.1584] [0.1104, 0.5000]
[0.2208, 0.1488, 0.2208, 0.2208, 0.1728] [0.2496, 0.3333]
[0.1488, 0.2208, 0.2208, 0.1728, 0.2496] [0.2256, 0.5000]
[0.2544, 0.1536, 0.1488, 0.1872, 0.1392] [0.1440, 0.2500]
[0.1536, 0.1488, 0.1872, 0.1392, 0.1440] [0.1344, 0.7500]
[0.1488, 0.1872, 0.1392, 0.1440, 0.1344] [0.2400, 0.2000]
[0.1872, 0.1392, 0.1440, 0.1344, 0.2400] [0.2448, 0.6000]
[0.1392, 0.1968, 0.2208, 0.1968, 0.2592] [0.1200, 0.6667]
[0.2016, 0.1920, 0.2112, 0.2112, 0.1920] [0.1440, 0.3333]
[0.1920, 0.2112, 0.2112, 0.1920, 0.1440] [0.0912, 0.0769]
[0.2112, 0.2112, 0.1920, 0.1440, 0.0912] [0.1488, 0.5000]
[0.2112, 0.1920, 0.1440, 0.0912, 0.1488] [0.1584, 0.6667]
[0.1920, 0.1440, 0.0912, 0.1488, 0.1584] [0.2640, 0.6667]
[0.1440, 0.0912, 0.1488, 0.1584, 0.2640] [0.2448, 0.6667]
[0.2544, 0.2544, 0.1104, 0.2160, 0.1584] [0.2352, 0.3333]
[0.2544, 0.1104, 0.2160, 0.1584, 0.2352] [0.1488, 0.3333]
[0.1104, 0.2160, 0.1584, 0.2352, 0.1488] [0.1536, 0.3333]
[0.1872, 0.1632, 0.2256, 0.1776, 0.1248] [0.1104, 0.1667]
[0.1632, 0.2256, 0.1776, 0.1248, 0.1104] [0.2112, 0.2000]
[0.2256, 0.1776, 0.1248, 0.1104, 0.2112] [0.1440, 0.4000]
[0.1584, 0.1632, 0.1872, 0.1200, 0.1680] [0.1680, 0.6000]
[0.2016, 0.1536, 0.1824, 0.1824, 0.1776] [0.2400, 0.2308]
[0.1536, 0.1824, 0.1824, 0.1776, 0.2400] [0.2352, 0.2222]
[0.1824, 0.1824, 0.1776, 0.2400, 0.2352] [0.2640, 0.5556]
[0.1824, 0.1776, 0.2400, 0.2352, 0.2640] [0.1488, 0.2000]
[0.1872, 0.1392, 0.1872, 0.2400, 0.1968] [0.1536, 0.3333]
[0.1392, 0.1872, 0.2400, 0.1968, 0.1536] [0.1200, 0.3333]
[0.1872, 0.2400, 0.1968, 0.1536, 0.1200] [0.1104, 0.6000]
[0.2400, 0.1968, 0.1536, 0.1200, 0.1104] [0.2160, 0.3000]
[0.2064, 0.1248, 0.2304, 0.1200, 0.1968] [0.1680, 0.3750]
[0.1248, 0.2304, 0.1200, 0.1968, 0.1680] [0.1488, 0.3333]
[0.2304, 0.1200, 0.1968, 0.1680, 0.1488] [0.1152, 1.0000]
[0.1200, 0.1968, 0.1680, 0.1488, 0.1152] [0.2112, 0.6250]
[0.1968, 0.1680, 0.1488, 0.1152, 0.2112] [0.1248, 0.4545]
[0.1680, 0.1488, 0.1152, 0.2112, 0.1248] [0.2160, 0.3750]
[0.1488, 0.1152, 0.2112, 0.1248, 0.2160] [0.2016, 0.6667]
[0.1152, 0.2112, 0.1248, 0.2160, 0.2016] [0.2496, 0.1429]
[0.2112, 0.1248, 0.2160, 0.2016, 0.2496] [0.2400, 0.3333]
[0.1248, 0.2160, 0.2016, 0.2496, 0.2400] [0.2304, 0.4000]
[0.2112, 0.1488, 0.1824, 0.2160, 0.1824] [0.2256, 0.2222]
[0.1488, 0.1824, 0.2160, 0.1824, 0.2256] [0.1728, 0.3333]
[0.1824, 0.2160, 0.1824, 0.2256, 0.1728] [0.1296, 0.1667]
[0.2160, 0.1824, 0.2256, 0.1728, 0.1296] [0.1152, 0.5000]
[0.1824, 0.2256, 0.1728, 0.1296, 0.1152] [0.1440, 0.6000]
[0.2256, 0.1728, 0.1296, 0.1152, 0.1440] [0.1632, 0.4000]
[0.1728, 0.1296, 0.1152, 0.1440, 0.1632] [0.2448, 0.4286]
[0.1296, 0.1152, 0.1440, 0.1632, 0.2448] [0.1584, 0.2000]
[0.1152, 0.1440, 0.1632, 0.2448, 0.1584] [0.2064, 0.6667]
[0.1440, 0.1632, 0.2448, 0.1584, 0.2064] [0.2256, 0.5000]
[0.2208, 0.2400, 0.1872, 0.1680, 0.1104] [0.0912, 0.4000]
[0.2400, 0.1872, 0.1680, 0.1104, 0.0912] [0.1824, 0.6000]
[0.1872, 0.1680, 0.1104, 0.0912, 0.1824] [0.1296, 0.5000]
[0.1680, 0.1104, 0.0912, 0.1824, 0.1296] [0.2208, 1.0000]
[0.1104, 0.0912, 0.1824, 0.1296, 0.2208] [0.2112, 1.0000]
[0.0912, 0.1824, 0.1296, 0.2208, 0.2112] [0.2352, 1.0000]
[0.1296, 0.1968, 0.2256, 0.1728, 0.0816] [0.1920, 0.5000]
[0.1968, 0.2256, 0.1728, 0.0816, 0.1920] [0.1920, 1.0000]
[0.2256, 0.1728, 0.0816, 0.1920, 0.1920] [0.1536, 0.3333]
[0.1728, 0.0816, 0.1920, 0.1920, 0.1536] [0.1728, 1.0000]
[0.0816, 0.1920, 0.1920, 0.1536, 0.1728] [0.2448, 1.0000]
[0.1920, 0.1920, 0.1536, 0.1728, 0.2448] [0.2592, 0.2500]
[0.1920, 0.1536, 0.1728, 0.2448, 0.2592] [0.1968, 0.5000]
[0.1536, 0.1728, 0.2448, 0.2592, 0.1968] [0.2496, 0.4000]
[0.1728, 0.2448, 0.2592, 0.1968, 0.2496] [0.1920, 0.3333]
[0.2448, 0.2592, 0.1968, 0.2496, 0.1920] [0.2544, 0.7500]
[0.2592, 0.1968, 0.2496, 0.1920, 0.2544] [0.2352, 0.3750]
[0.2256, 0.2448, 0.1776, 0.1344, 0.1248] [0.1200, 0.4444]
[0.2448, 0.1776, 0.1344, 0.1248, 0.1200] [0.2256, 0.3000]
[0.1776, 0.1344, 0.1248, 0.1200, 0.2256] [0.1872, 0.4000]
[0.1344, 0.1248, 0.1200, 0.2256, 0.1872] [0.1776, 0.2500]
[0.1248, 0.1200, 0.2256, 0.1872, 0.1776] [0.2208, 0.3333]
[0.1200, 0.2256, 0.1872, 0.1776, 0.2208] [0.1296, 0.2857]
[0.2256, 0.1872, 0.1776, 0.2208, 0.1296] [0.1872, 0.5714]
[0.1872, 0.1776, 0.2208, 0.1296, 0.1872] [0.1920, 0.5556]
[0.1776, 0.2208, 0.1296, 0.1872, 0.1920] [0.1248, 0.2000]
[0.2208, 0.1296, 0.1872, 0.1920, 0.1248] [0.1440, 1.0000]
[0.1296, 0.1872, 0.1920, 0.1248, 0.1440] [0.1776, 0.6250]
[0.1776, 0.1776, 0.2016, 0.1584, 0.1680] [0.1536, 0.3636]
[0.1344, 0.2544, 0.2016, 0.0816, 0.1728] [0.1680, 1.0000]
[0.2544, 0.2016, 0.0816, 0.1728, 0.1680] [0.1728, 0.3333]
[0.2016, 0.0816, 0.1728, 0.1680, 0.1728] [0.1296, 0.5000]
[0.0816, 0.1728, 0.1680, 0.1728, 0.1296] [0.1152, 1.0000]
[0.1728, 0.1680, 0.1728, 0.1296, 0.1152] [0.1248, 0.2857]
[0.1680, 0.1728, 0.1296, 0.1152, 0.1248] [0.1248, 0.7500]
[0.1728, 0.1296, 0.1152, 0.1248, 0.1248] [0.2544, 0.6000]
[0.1296, 0.1152, 0.1248, 0.1248, 0.2544] [0.1584, 0.4000]
[0.1152, 0.1248, 0.1248, 0.2544, 0.1584] [0.1248, 0.5000]
[0.1248, 0.1248, 0.2544, 0.1584, 0.1248] [0.1248, 0.5000]
[0.1248, 0.2544, 0.1584, 0.1248, 0.1248] [0.2112, 1.0000]
[0.2544, 0.1584, 0.1248, 0.1248, 0.2112] [0.1824, 0.4000]
[0.1584, 0.1248, 0.1248, 0.2112, 0.1824] [0.2496, 0.1429]
[0.2400, 0.2304, 0.2160, 0.1776, 0.2016] [0.2640, 0.3333]
[0.2304, 0.2160, 0.1776, 0.2016, 0.2640] [0.2208, 0.6000]
[0.1680, 0.2304, 0.2592, 0.2304, 0.2304] [0.1488, 0.1429]
[0.2352, 0.2640, 0.2208, 0.1872, 0.2160] [0.1680, 0.2857]
[0.2640, 0.2208, 0.1872, 0.2160, 0.1680] [0.2208, 0.7500]
[0.2208, 0.1872, 0.2160, 0.1680, 0.2208] [0.1680, 0.3750]
[0.1872, 0.2160, 0.1680, 0.2208, 0.1680] [0.1920, 0.6667]
[0.2160, 0.1680, 0.2208, 0.1680, 0.1920] [0.2304, 0.5714]
[0.1680, 0.2208, 0.1680, 0.1920, 0.2304] [0.1632, 0.7143]
[0.2208, 0.1680, 0.1920, 0.2304, 0.1632] [0.1872, 0.5714]
[0.1680, 0.1920, 0.2304, 0.1632, 0.1872] [0.1728, 0.5455]
[0.1920, 0.2304, 0.1632, 0.1872, 0.1728] [0.2016, 0.4444]
[0.2304, 0.1632, 0.1872, 0.1728, 0.2016] [0.2496, 0.3333]
[0.1632, 0.1872, 0.1728, 0.2016, 0.2496] [0.0864, 0.0909]
[0.1872, 0.1728, 0.2016, 0.2496, 0.0864] [0.1440, 0.5000]
[0.1728, 0.2016, 0.2496, 0.0864, 0.1440] [0.2256, 1.0000]
[0.2016, 0.2496, 0.0864, 0.1440, 0.2256] [0.1392, 0.5000]
[0.2496, 0.0864, 0.1440, 0.2256, 0.1392] [0.2064, 1.0000]
[0.0864, 0.1440, 0.2256, 0.1392, 0.2064] [0.1104, 1.0000]
[0.1440, 0.2256, 0.1392, 0.2064, 0.1104] [0.1632, 0.7500]
[0.2256, 0.1392, 0.2064, 0.1104, 0.1632] [0.1104, 0.6000]
[0.1632, 0.1728, 0.2016, 0.1872, 0.1968] [0.2640, 0.1667]
[0.1728, 0.2016, 0.1872, 0.1968, 0.2640] [0.2400, 0.3636]
[0.2016, 0.1872, 0.1968, 0.2640, 0.2400] [0.2544, 0.5556]
[0.1872, 0.1968, 0.2640, 0.2400, 0.2544] [0.1776, 0.4000]
[0.1968, 0.2640, 0.2400, 0.2544, 0.1776] [0.2064, 0.5455]
[0.2640, 0.2400, 0.2544, 0.1776, 0.2064] [0.1728, 0.5556]
[0.2400, 0.2544, 0.1776, 0.2064, 0.1728] [0.1008, 0.0909]
[0.2544, 0.1776, 0.2064, 0.1728, 0.1008] [0.1392, 1.0000]
[0.1776, 0.2064, 0.1728, 0.1008, 0.1392] [0.2112, 0.5000]
[0.2064, 0.1728, 0.1008, 0.1392, 0.2112] [0.1920, 0.3333]
[0.1152, 0.1296, 0.2016, 0.2160, 0.2640] [0.1488, 0.2857]
[0.1296, 0.2016, 0.2160, 0.2640, 0.1488] [0.1776, 0.7500]
[0.2016, 0.2160, 0.2640, 0.1488, 0.1776] [0.2592, 0.2857]
[0.2160, 0.2640, 0.1488, 0.1776, 0.2592] [0.2448, 0.4000]
[0.2640, 0.1488, 0.1776, 0.2592, 0.2448] [0.1920, 0.2500]
[0.1488, 0.1776, 0.2592, 0.2448, 0.1920] [0.1536, 0.4000]
[0.1776, 0.2592, 0.2448, 0.1920, 0.1536] [0.1824, 0.4000]
[0.2592, 0.2448, 0.1920, 0.1536, 0.1824] [0.1824, 1.0000]
[0.2448, 0.1920, 0.1536, 0.1824, 0.1824] [0.2160, 0.5000]
[0.1728, 0.1680, 0.1680, 0.1440, 0.2112] [0.2400, 0.4545]
[0.1680, 0.1680, 0.1440, 0.2112, 0.2400] [0.1824, 0.3750]
[0.1680, 0.1440, 0.2112, 0.2400, 0.1824] [0.0912, 0.1111]
[0.1440, 0.2112, 0.2400, 0.1824, 0.0912] [0.1584, 0.5000]
[0.2112, 0.2400, 0.1824, 0.0912, 0.1584] [0.1968, 1.0000]
[0.2400, 0.1824, 0.0912, 0.1584, 0.1968] [0.1968, 0.6667]
[0.1824, 0.0912, 0.1584, 0.1968, 0.1968] [0.1104, 0.5000]
[0.0912, 0.1584, 0.1968, 0.1968, 0.1104] [0.1344, 0.6667]
[0.1584, 0.1968, 0.1968, 0.1104, 0.1344] [0.1584, 0.1250]
[0.1536, 0.1392, 0.2400, 0.0720, 0.0720] [0.1728, 0.5000]
[0.1392, 0.2400, 0.0720, 0.0720, 0.1728] [0.1584, 1.0000]
[0.1440, 0.2064, 0.1680, 0.1152, 0.2112] [0.1440, 0.2000]
[0.2064, 0.1680, 0.1152, 0.2112, 0.1440] [0.1584, 0.5000]
[0.1680, 0.1152, 0.2112, 0.1440, 0.1584] [0.1872, 0.2000]
[0.1920, 0.1296, 0.1920, 0.1824, 0.2208] [0.2256, 0.5556]
[0.1296, 0.1920, 0.1824, 0.2208, 0.2256] [0.2256, 0.2857]
[0.1920, 0.1824, 0.2208, 0.2256, 0.2256] [0.2160, 0.4000]
[0.1824, 0.1824, 0.1488, 0.1584, 0.1728] [0.1920, 0.4545]
[0.2304, 0.1248, 0.1968, 0.2304, 0.1344] [0.1440, 0.6667]
[0.1248, 0.1968, 0.2304, 0.1344, 0.1440] [0.1872, 0.2500]
[0.1968, 0.2304, 0.1344, 0.1440, 0.1872] [0.2304, 0.2000]
[0.2304, 0.1344, 0.1440, 0.1872, 0.2304] [0.2448, 0.5000]
[0.1344, 0.1440, 0.1872, 0.2304, 0.2448] [0.1776, 0.5714]
[0.1056, 0.1920, 0.1872, 0.1872, 0.1632] [0.2544, 0.5000]
[0.1872, 0.2496, 0.2160, 0.2304, 0.1776] [0.2496, 0.1818]
[0.2496, 0.2160, 0.2304, 0.1776, 0.2496] [0.1824, 0.2857]
[0.2160, 0.2304, 0.1776, 0.2496, 0.1824] [0.1872, 0.2500]
[0.2304, 0.1776, 0.2496, 0.1824, 0.1872] [0.2256, 0.5714]
[0.1776, 0.2496, 0.1824, 0.1872, 0.2256] [0.1584, 0.2857]
[0.2496, 0.1824, 0.1872, 0.2256, 0.1584] [0.2016, 0.5714]
[0.1824, 0.1872, 0.2256, 0.1584, 0.2016] [0.1728, 0.5556]
[0.1872, 0.2256, 0.1584, 0.2016, 0.1728] [0.1776, 0.4000]
[0.2256, 0.1584, 0.2016, 0.1728, 0.1776] [0.1440, 0.3333]
[0.1584, 0.2016, 0.1728, 0.1776, 0.1440] [0.2016, 0.5556]
[0.2016, 0.1728, 0.1776, 0.1440, 0.2016] [0.1872, 0.1818]
[0.1728, 0.1776, 0.1440, 0.2016, 0.1872] [0.1152, 0.2000]
[0.1776, 0.1440, 0.2016, 0.1872, 0.1152] [0.1728, 0.5000]
[0.1440, 0.2016, 0.1872, 0.1152, 0.1728] [0.1824, 0.6000]
[0.2016, 0.1872, 0.1152, 0.1728, 0.1824] [0.2400, 0.4000]
[0.1872, 0.1152, 0.1728, 0.1824, 0.2400] [0.2496, 0.5556]
[0.1152, 0.1728, 0.1824, 0.2400, 0.2496] [0.1488, 0.5714]
[0.1728, 0.1824, 0.2400, 0.2496, 0.1488] [0.2112, 0.5714]
[0.1824, 0.2400, 0.2496, 0.1488, 0.2112] [0.1920, 0.2857]
[0.2400, 0.2496, 0.1488, 0.2112, 0.1920] [0.2256, 1.0000]
[0.2496, 0.1488, 0.2112, 0.1920, 0.2256] [0.2304, 0.6000]
[0.1488, 0.2112, 0.1920, 0.2256, 0.2304] [0.2496, 0.2857]
[0.2112, 0.1920, 0.2256, 0.2304, 0.2496] [0.1536, 0.2000]
[0.2160, 0.2160, 0.1392, 0.1776, 0.2208] [0.1728, 0.2000]
[0.2160, 0.1392, 0.1776, 0.2208, 0.1728] [0.1632, 0.6000]
[0.1392, 0.1776, 0.2208, 0.1728, 0.1632] [0.1440, 0.3333]
[0.2208, 0.2400, 0.1488, 0.2304, 0.0816] [0.2160, 1.0000]
[0.2400, 0.1488, 0.2304, 0.0816, 0.2160] [0.2160, 1.0000]
[0.1488, 0.2304, 0.0816, 0.2160, 0.2160] [0.2112, 1.0000]
[0.2304, 0.0816, 0.2160, 0.2160, 0.2112] [0.1584, 1.0000]
[0.0816, 0.2160, 0.2160, 0.2112, 0.1584] [0.1296, 1.0000]
[0.2448, 0.1872, 0.2016, 0.1248, 0.2544] [0.1392, 0.2500]
[0.1872, 0.2016, 0.1248, 0.2544, 0.1392] [0.2592, 0.5000]
[0.2016, 0.1248, 0.2544, 0.1392, 0.2592] [0.1632, 0.7500]
[0.2544, 0.1440, 0.2496, 0.2256, 0.1776] [0.2256, 0.3333]
[0.1440, 0.2496, 0.2256, 0.1776, 0.2256] [0.1632, 0.5000]
[0.2496, 0.2256, 0.1776, 0.2256, 0.1632] [0.2496, 0.7500]
[0.2256, 0.1776, 0.2256, 0.1632, 0.2496] [0.1248, 0.2500]
[0.1776, 0.2256, 0.1632, 0.2496, 0.1248] [0.2496, 0.7500]
[0.2256, 0.1632, 0.2496, 0.1248, 0.2496] [0.1776, 0.7143]
[0.2208, 0.2592, 0.1392, 0.2304, 0.1632] [0.2160, 0.3333]
[0.2592, 0.1392, 0.2304, 0.1632, 0.2160] [0.2160, 0.7500]
[0.1488, 0.1008, 0.2160, 0.1680, 0.1680] [0.1392, 1.0000]
[0.1008, 0.2160, 0.1680, 0.1680, 0.1392] [0.1536, 1.0000]
[0.2160, 0.1680, 0.1680, 0.1392, 0.1536] [0.1584, 0.4286]
[0.1680, 0.1680, 0.1392, 0.1536, 0.1584] [0.2160, 0.2500]
[0.1680, 0.1392, 0.1536, 0.1584, 0.2160] [0.2400, 0.6000]
[0.1392, 0.1536, 0.1584, 0.2160, 0.2400] [0.1920, 0.3333]
[0.2544, 0.2592, 0.2064, 0.1104, 0.2544] [0.1488, 0.4000]
[0.2592, 0.2064, 0.1104, 0.2544, 0.1488] [0.1776, 0.5000]
[0.2064, 0.1104, 0.2544, 0.1488, 0.1776] [0.2640, 0.3750]
[0.1104, 0.2544, 0.1488, 0.1776, 0.2640] [0.2544, 0.2000]
[0.2544, 0.1488, 0.1776, 0.2640, 0.2544] [0.2400, 0.5000]
[0.1488, 0.1776, 0.2640, 0.2544, 0.2400] [0.1056, 0.2000]
[0.1776, 0.2640, 0.2544, 0.2400, 0.1056] [0.1152, 1.0000]
[0.2640, 0.2544, 0.2400, 0.1056, 0.1152] [0.1008, 1.0000]
[0.2544, 0.2400, 0.1056, 0.1152, 0.1008] [0.1392, 1.0000]
[0.2400, 0.1056, 0.1152, 0.1008, 0.1392] [0.2544, 1.0000]
[0.1056, 0.1152, 0.1008, 0.1392, 0.2544] [0.2592, 1.0000]
[0.1152, 0.1008, 0.1392, 0.2544, 0.2592] [0.2304, 1.0000]
[0.1008, 0.1392, 0.2544, 0.2592, 0.2304] [0.2544, 1.0000]
[0.1632, 0.2448, 0.2256, 0.2496, 0.1776] [0.2064, 0.5455]
[0.2448, 0.2256, 0.2496, 0.1776, 0.2064] [0.1680, 0.5556]
[0.2256, 0.2496, 0.1776, 0.2064, 0.1680] [0.2352, 0.1818]
[0.2496, 0.1776, 0.2064, 0.1680, 0.2352] [0.1536, 0.3750]
[0.1776, 0.2064, 0.1680, 0.2352, 0.1536] [0.1584, 0.3000]
[0.2064, 0.1680, 0.2352, 0.1536, 0.1584] [0.1728, 0.4000]
[0.1680, 0.2352, 0.1536, 0.1584, 0.1728] [0.1872, 0.2000]
[0.1440, 0.1824, 0.2064, 0.2064, 0.1776] [0.1344, 0.2308]
[0.1824, 0.2064, 0.2064, 0.1776, 0.1344] [0.1440, 0.2308]
[0.2064, 0.2064, 0.1776, 0.1344, 0.1440] [0.2160, 0.4286]
[0.2064, 0.1776, 0.1344, 0.1440, 0.2160] [0.2448, 0.1429]
[0.1776, 0.1344, 0.1440, 0.2160, 0.2448] [0.1488, 1.0000]
[0.1344, 0.1440, 0.2160, 0.2448, 0.1488] [0.2640, 0.2500]
[0.1440, 0.2160, 0.2448, 0.1488, 0.2640] [0.0624, 0.5000]
[0.2640, 0.0864, 0.1152, 0.1152, 0.2592] [0.1968, 1.0000]
[0.0864, 0.1152, 0.1152, 0.2592, 0.1968] [0.1920, 1.0000]
[0.1152, 0.1152, 0.2592, 0.1968, 0.1920] [0.1728, 0.6667]
[0.1152, 0.2592, 0.1968, 0.1920, 0.1728] [0.1536, 0.1250]
[0.2592, 0.1968, 0.1920, 0.1728, 0.1536] [0.1872, 0.5000]
[0.1968, 0.1920, 0.1728, 0.1536, 0.1872] [0.1488, 0.3636]
[0.1920, 0.1728, 0.1536, 0.1872, 0.1488] [0.2064, 0.5000]
[0.1728, 0.1536, 0.1872, 0.1488, 0.2064] [0.2592, 0.2000]
[0.1536, 0.1872, 0.1488, 0.2064, 0.2592] [0.1056, 0.2000]
[0.2592, 0.1344, 0.1680, 0.1872, 0.2112] [0.2592, 0.3333]
[0.1344, 0.1680, 0.1872, 0.2112, 0.2592] [0.2160, 0.2222]
[0.0864, 0.1440, 0.2640, 0.1056, 0.2256] [0.1296, 1.0000]
[0.1440, 0.2640, 0.1056, 0.2256, 0.1296] [0.2496, 1.0000]
[0.2640, 0.1056, 0.2256, 0.1296, 0.2496] [0.1344, 1.0000]
[0.1056, 0.2256, 0.1296, 0.2496, 0.1344] [0.1680, 1.0000]
[0.2256, 0.1296, 0.2496, 0.1344, 0.1680] [0.1680, 0.6000]
[0.1296, 0.2496, 0.1344, 0.1680, 0.1680] [0.1584, 0.3333]
[0.2496, 0.1344, 0.1680, 0.1680, 0.1584] [0.1104, 1.0000]
[0.1344, 0.1680, 0.1680, 0.1584, 0.1104] [0.2304, 0.1250]
[0.1680, 0.1680, 0.1584, 0.1104, 0.2304] [0.1776, 0.5714]
[0.2448, 0.1728, 0.1152, 0.1440, 0.1440] [0.1968, 0.4000]
[0.1728, 0.1152, 0.1440, 0.1440, 0.1968] [0.2160, 0.4286]
[0.1104, 0.0960, 0.1872, 0.1872, 0.2592] [0.2640, 0.5000]
[0.0960, 0.1872, 0.1872, 0.2592, 0.2640] [0.1728, 0.5000]
[0.1872, 0.1872, 0.2592, 0.2640, 0.1728] [0.1728, 0.2222]
[0.1872, 0.2592, 0.2640, 0.1728, 0.1728] [0.1920, 0.6667]
[0.2592, 0.2640, 0.1728, 0.1728, 0.1920] [0.2544, 0.1818]
[0.2640, 0.1728, 0.1728, 0.1920, 0.2544] [0.1536, 0.3750]
[0.1728, 0.1728, 0.1920, 0.2544, 0.1536] [0.0864, 0.1000]
[0.1728, 0.1920, 0.2544, 0.1536, 0.0864] [0.1056, 1.0000]
[0.1920, 0.2544, 0.1536, 0.0864, 0.1056] [0.1392, 0.5000]
[0.2544, 0.1536, 0.0864, 0.1056, 0.1392] [0.1488, 1.0000]
[0.2640, 0.2640, 0.1776, 0.1776, 0.1392] [0.1056, 0.4000]
[0.2640, 0.1776, 0.1776, 0.1392, 0.1056] [0.1152, 0.4000]
[0.1776, 0.1776, 0.1392, 0.1056, 0.1152] [0.1824, 0.3333]
[0.1776, 0.1392, 0.1056, 0.1152, 0.1824] [0.1968, 0.6667]
[0.2448, 0.2352, 0.2064, 0.1488, 0.1536] [0.1248, 0.4444]
[0.2352, 0.2064, 0.1488, 0.1536, 0.1248] [0.2352, 0.3000]
[0.2064, 0.1488, 0.1536, 0.1248, 0.2352] [0.2160, 0.6000]
[0.1488, 0.1536, 0.1248, 0.2352, 0.2160] [0.1200, 0.3333]
[0.1536, 0.1248, 0.2352, 0.2160, 0.1200] [0.1872, 0.5000]
[0.1248, 0.2352, 0.2160, 0.1200, 0.1872] [0.1008, 0.3333]
[0.2352, 0.2160, 0.1200, 0.1872, 0.1008] [0.1056, 0.5000]
[0.2160, 0.1200, 0.1872, 0.1008, 0.1056] [0.2448, 1.0000]
[0.1200, 0.1872, 0.1008, 0.1056, 0.2448] [0.1632, 1.0000]
[0.1680, 0.1296, 0.1824, 0.1008, 0.2064] [0.1008, 1.0000]
[0.1296, 0.1824, 0.1008, 0.2064, 0.1008] [0.1200, 0.5000]
[0.1824, 0.1008, 0.2064, 0.1008, 0.1200] [0.1872, 1.0000]
[0.1008, 0.2064, 0.1008, 0.1200, 0.1872] [0.2544, 1.0000]
[0.2064, 0.1008, 0.1200, 0.1872, 0.2544] [0.1248, 1.0000]
[0.2016, 0.1392, 0.1296, 0.1776, 0.1488] [0.1632, 0.3750]
[0.2256, 0.1488, 0.1968, 0.1680, 0.2160] [0.1392, 0.4000]
[0.1152, 0.2256, 0.2592, 0.1488, 0.1872] [0.1488, 0.3333]
[0.2256, 0.2592, 0.1488, 0.1872, 0.1488] [0.2400, 1.0000]
[0.1392, 0.1008, 0.1632, 0.1632, 0.1728] [0.1056, 0.1667]
[0.1008, 0.1632, 0.1632, 0.1728, 0.1056] [0.2256, 1.0000]
[0.1632, 0.1632, 0.1728, 0.1056, 0.2256] [0.1104, 0.3333]
[0.1632, 0.1728, 0.1056, 0.2256, 0.1104] [0.1152, 1.0000]
[0.1728, 0.1056, 0.2256, 0.1104, 0.1152] [0.1680, 1.0000]
[0.1056, 0.2256, 0.1104, 0.1152, 0.1680] [0.1296, 0.6667]
[0.2256, 0.1104, 0.1152, 0.1680, 0.1296] [0.2208, 0.3750]
[0.1104, 0.1152, 0.1680, 0.1296, 0.2208] [0.1632, 0.6667]
[0.1152, 0.1680, 0.1296, 0.2208, 0.1632] [0.1392, 0.4286]
[0.1680, 0.1296, 0.2208, 0.1632, 0.1392] [0.1968, 0.1667]
[0.1296, 0.2208, 0.1632, 0.1392, 0.1968] [0.1296, 0.2000]
[0.2208, 0.1632, 0.1392, 0.1968, 0.1296] [0.1152, 0.3333]
[0.1632, 0.1392, 0.1968, 0.1296, 0.1152] [0.1296, 0.6000]
[0.1680, 0.1920, 0.2304, 0.2208, 0.1488] [0.1776, 0.5714]
[0.1920, 0.2304, 0.2208, 0.1488, 0.1776] [0.1440, 0.4286]
[0.1584, 0.2352, 0.2016, 0.2496, 0.2208] [0.1536, 0.4000]
[0.2352, 0.2016, 0.2496, 0.2208, 0.1536] [0.1152, 0.5000]
[0.2016, 0.2496, 0.2208, 0.1536, 0.1152] [0.0816, 0.1667]
[0.2496, 0.2208, 0.1536, 0.1152, 0.0816] [0.1440, 1.0000]
[0.2208, 0.1536, 0.1152, 0.0816, 0.1440] [0.1920, 0.6667]
[0.1536, 0.1152, 0.0816, 0.1440, 0.1920] [0.1968, 0.3333]
[0.1152, 0.0816, 0.1440, 0.1920, 0.1968] [0.1296, 0.5000]
[0.0816, 0.1440, 0.1920, 0.1968, 0.1296] [0.2640, 0.3333]
[0.1440, 0.1920, 0.1968, 0.1296, 0.2640] [0.2304, 0.3333]
[0.1920, 0.1968, 0.1296, 0.2640, 0.2304] [0.2304, 0.6000]
[0.1968, 0.1296, 0.2640, 0.2304, 0.2304] [0.1392, 0.5000]
[0.1296, 0.2640, 0.2304, 0.2304, 0.1392] [0.2064, 0.5000]
[0.2640, 0.2304, 0.2304, 0.1392, 0.2064] [0.1680, 0.6667]
[0.2544, 0.1488, 0.2304, 0.1920, 0.1632] [0.1488, 0.3333]
[0.1488, 0.2304, 0.1920, 0.1632, 0.1488] [0.0960, 0.1667]
[0.2304, 0.1920, 0.1632, 0.1488, 0.0960] [0.1296, 0.4000]
[0.1920, 0.1632, 0.1488, 0.0960, 0.1296] [0.1200, 0.6667]
[0.1632, 0.1488, 0.0960, 0.1296, 0.1200] [0.2064, 0.3333]
[0.1488, 0.0960, 0.1296, 0.1200, 0.2064] [0.1248, 1.0000]
[0.0960, 0.1296, 0.1200, 0.2064, 0.1248] [0.2400, 1.0000]
[0.1296, 0.1200, 0.2064, 0.1248, 0.2400] [0.1488, 0.3333]
[0.1200, 0.2064, 0.1248, 0.2400, 0.1488] [0.2592, 0.2000]
[0.1584, 0.2304, 0.2016, 0.1632, 0.2496] [0.1536, 0.2857]
[0.2304, 0.2016, 0.1632, 0.2496, 0.1536] [0.1344, 0.1429]
[0.2016, 0.1632, 0.2496, 0.1536, 0.1344] [0.2304, 0.4000]
[0.1632, 0.2496, 0.1536, 0.1344, 0.2304] [0.1056, 0.2500]
[0.2496, 0.1536, 0.1344, 0.2304, 0.1056] [0.0912, 0.5000]
[0.1536, 0.1344, 0.2304, 0.1056, 0.0912] [0.0816, 0.5000]
[0.1344, 0.2304, 0.1056, 0.0912, 0.0816] [0.2400, 1.0000]
[0.2304, 0.1056, 0.0912, 0.0816, 0.2400] [0.1488, 1.0000]
[0.1056, 0.0912, 0.0816, 0.2400, 0.1488] [0.2448, 1.0000]
[0.0912, 0.0816, 0.2400, 0.1488, 0.2448] [0.1824, 1.0000]
[0.0816, 0.2400, 0.1488, 0.2448, 0.1824] [0.1632, 0.5000]
[0.2112, 0.1536, 0.1632, 0.1152, 0.1200] [0.0960, 0.2000]
[0.1536, 0.1632, 0.1152, 0.1200, 0.0960] [0.1296, 1.0000]
[0.1632, 0.1152, 0.1200, 0.0960, 0.1296] [0.2064, 1.0000]
[0.1152, 0.1200, 0.0960, 0.1296, 0.2064] [0.1728, 0.3333]
[0.2592, 0.1824, 0.1248, 0.1824, 0.2400] [0.1152, 0.5000]
[0.1920, 0.2304, 0.2064, 0.2352, 0.2016] [0.2016, 0.6667]
[0.2304, 0.2064, 0.2352, 0.2016, 0.2016] [0.2544, 0.5714]
[0.2064, 0.2352, 0.2016, 0.2016, 0.2544] [0.1632, 0.7143]
[0.2352, 0.2016, 0.2016, 0.2544, 0.1632] [0.1872, 0.5714]
[0.2016, 0.2016, 0.2544, 0.1632, 0.1872] [0.1392, 0.3636]
[0.2016, 0.2544, 0.1632, 0.1872, 0.1392] [0.1920, 0.3333]
[0.2544, 0.1632, 0.1872, 0.1392, 0.1920] [0.1872, 0.4000]
[0.1392, 0.2448, 0.1728, 0.1680, 0.1872] [0.2400, 0.5000]
[0.2448, 0.1728, 0.1680, 0.1872, 0.2400] [0.2352, 0.2500]
[0.1728, 0.1680, 0.1872, 0.2400, 0.2352] [0.2064, 0.4444]
[0.1680, 0.1872, 0.2400, 0.2352, 0.2064] [0.1248, 0.3333]
[0.1872, 0.2400, 0.2352, 0.2064, 0.1248] [0.1584, 0.2000]
[0.2400, 0.2352, 0.2064, 0.1248, 0.1584] [0.2208, 0.1111]
[0.2352, 0.2064, 0.1248, 0.1584, 0.2208] [0.1824, 0.5000]
[0.2256, 0.1728, 0.1872, 0.1824, 0.1728] [0.1632, 0.5000]
[0.1728, 0.1872, 0.1824, 0.1728, 0.1632] [0.1872, 0.5000]
[0.1872, 0.1824, 0.1728, 0.1632, 0.1872] [0.1776, 0.5000]
[0.1824, 0.1728, 0.1632, 0.1872, 0.1776] [0.1728, 0.5000]
[0.1728, 0.1632, 0.1872, 0.1776, 0.1728] [0.1872, 0.5000]
[0.1872, 0.1536, 0.0960, 0.2064, 0.1728] [0.2016, 0.8000]
[0.1536, 0.0960, 0.2064, 0.1728, 0.2016] [0.1632, 0.3333]
[0.0960, 0.2064, 0.1728, 0.2016, 0.1632] [0.1200, 0.5000]
[0.2064, 0.1728, 0.2016, 0.1632, 0.1200] [0.2592, 0.5385]
[0.1728, 0.2016, 0.1632, 0.1200, 0.2592] [0.2208, 0.4545]
[0.2016, 0.1632, 0.1200, 0.2592, 0.2208] [0.2400, 0.6000]
[0.1632, 0.1200, 0.2592, 0.2208, 0.2400] [0.1008, 0.2500]
[0.1200, 0.2592, 0.2208, 0.2400, 0.1008] [0.2400, 1.0000]
[0.2592, 0.2208, 0.2400, 0.1008, 0.2400] [0.2016, 1.0000]
[0.2208, 0.2400, 0.1008, 0.2400, 0.2016] [0.2496, 1.0000]
[0.2400, 0.1008, 0.2400, 0.2016, 0.2496] [0.2016, 1.0000]
[0.1008, 0.2400, 0.2016, 0.2496, 0.2016] [0.2160, 0.6667]
[0.2400, 0.2016, 0.2496, 0.2016, 0.2160] [0.2544, 0.3750]
[0.2016, 0.2496, 0.2016, 0.2160, 0.2544] [0.2544, 0.4000]
[0.2400, 0.2448, 0.1200, 0.1968, 0.1008] [0.2400, 0.5000]
[0.2448, 0.1200, 0.1968, 0.1008, 0.2400] [0.2448, 1.0000]
[0.1200, 0.1968, 0.1008, 0.2400, 0.2448] [0.2592, 1.0000]
[0.1008, 0.2256, 0.1584, 0.2064, 0.2160] [0.1824, 0.5000]
[0.2256, 0.1584, 0.2064, 0.2160, 0.1824] [0.1392, 0.2000]
[0.1584, 0.2064, 0.2160, 0.1824, 0.1392] [0.2256, 0.5000]
[0.2064, 0.2160, 0.1824, 0.1392, 0.2256] [0.1872, 0.5000]
[0.2400, 0.2160, 0.1920, 0.0912, 0.2256] [0.2208, 0.3333]
[0.2160, 0.1920, 0.0912, 0.2256, 0.2208] [0.2448, 1.0000]
[0.1920, 0.0912, 0.2256, 0.2208, 0.2448] [0.2592, 1.0000]
[0.2592, 0.2256, 0.2064, 0.0816, 0.2640] [0.2112, 0.6667]
[0.2256, 0.2064, 0.0816, 0.2640, 0.2112] [0.1152, 1.0000]
[0.2064, 0.0816, 0.2640, 0.2112, 0.1152] [0.1488, 0.5000]
[0.0816, 0.2640, 0.2112, 0.1152, 0.1488] [0.1680, 1.0000]
[0.2640, 0.2112, 0.1152, 0.1488, 0.1680] [0.1344, 0.4000]
[0.2112, 0.1152, 0.1488, 0.1680, 0.1344] [0.1200, 0.2500]
[0.1152, 0.1488, 0.1680, 0.1344, 0.1200] [0.1200, 0.7500]
[0.1488, 0.1680, 0.1344, 0.1200, 0.1200] [0.1680, 0.6000]
[0.1680, 0.1344, 0.1200, 0.1200, 0.1680] [0.1728, 0.5714]
[0.2304, 0.1104, 0.2064, 0.1680, 0.1728] [0.2352, 0.3333]
[0.1104, 0.2064, 0.1680, 0.1728, 0.2352] [0.1584, 0.2222]
[0.2064, 0.1680, 0.1728, 0.2352, 0.1584] [0.1632, 0.4000]
[0.1632, 0.1728, 0.1344, 0.1344, 0.1872] [0.1248, 0.4545]
[0.1728, 0.1344, 0.1344, 0.1872, 0.1248] [0.2160, 0.3750]
[0.1344, 0.1344, 0.1872, 0.1248, 0.2160] [0.1584, 0.3333]
[0.1344, 0.1872, 0.1248, 0.2160, 0.1584] [0.1680, 0.6000]
[0.1872, 0.1248, 0.2160, 0.1584, 0.1680] [0.2208, 0.3750]
[0.2208, 0.2496, 0.2160, 0.1632, 0.2160] [0.1152, 0.4286]
[0.2496, 0.2160, 0.1632, 0.2160, 0.1152] [0.1392, 0.2500]
[0.2160, 0.1632, 0.2160, 0.1152, 0.1392] [0.1344, 0.5000]
[0.1632, 0.2160, 0.1152, 0.1392, 0.1344] [0.1440, 0.6000]
[0.2160, 0.1152, 0.1392, 0.1344, 0.1440] [0.1248, 0.6667]
[0.1152, 0.1392, 0.1344, 0.1440, 0.1248] [0.2256, 0.2000]
[0.1392, 0.1344, 0.1440, 0.1248, 0.2256] [0.1920, 0.4000]
[0.1344, 0.1440, 0.1248, 0.2256, 0.1920] [0.1584, 0.5000]
[0.1440, 0.1248, 0.2256, 0.1920, 0.1584] [0.2064, 0.5000]
[0.2304, 0.2592, 0.1776, 0.1824, 0.1632] [0.2016, 0.4545]
[0.2592, 0.1776, 0.1824, 0.1632, 0.2016] [0.1056, 0.0833]
[0.1776, 0.1824, 0.1632, 0.2016, 0.1056] [0.0960, 0.3333]
[0.1824, 0.1632, 0.2016, 0.1056, 0.0960] [0.1104, 0.5000]
[0.1632, 0.2016, 0.1056, 0.0960, 0.1104] [0.0672, 0.5000]
[0.2016, 0.1056, 0.0960, 0.1104, 0.0672] [0.2016, 1.0000]
[0.1056, 0.0960, 0.1104, 0.0672, 0.2016] [0.1680, 1.0000]
[0.0960, 0.1104, 0.0672, 0.2016, 0.1680] [0.1824, 1.0000]
[0.1104, 0.0672, 0.2016, 0.1680, 0.1824] [0.2496, 0.5000]
[0.0672, 0.2016, 0.1680, 0.1824, 0.2496] [0.1632, 0.7500]
[0.1920, 0.2160, 0.1872, 0.1440, 0.0912] [0.1248, 0.5000]
[0.2160, 0.1872, 0.1440, 0.0912, 0.1248] [0.1728, 1.0000]
[0.1872, 0.1440, 0.0912, 0.1248, 0.1728] [0.0816, 0.3333]
[0.1344, 0.1680, 0.1248, 0.1248, 0.2496] [0.2064, 0.6667]
[0.1680, 0.1248, 0.1248, 0.2496, 0.2064] [0.1248, 0.5556]
[0.1248, 0.1248, 0.2496, 0.2064, 0.1248] [0.1296, 0.2000]
[0.1248, 0.2496, 0.2064, 0.1248, 0.1296] [0.1152, 0.3333]
[0.2496, 0.2064, 0.1248, 0.1296, 0.1152] [0.1680, 0.4000]
[0.2064, 0.1248, 0.1296, 0.1152, 0.1680] [0.1776, 0.5714]
[0.1248, 0.1296, 0.1152, 0.1680, 0.1776] [0.2016, 0.7143]
[0.1296, 0.1152, 0.1680, 0.1776, 0.2016] [0.1152, 0.1667]
[0.1152, 0.1680, 0.1776, 0.2016, 0.1152] [0.2112, 0.5556]
[0.1584, 0.1104, 0.2256, 0.2592, 0.1296] [0.1392, 0.2500]
[0.1104, 0.2256, 0.2592, 0.1296, 0.1392] [0.1536, 0.4000]
[0.1968, 0.2496, 0.1344, 0.2496, 0.1104] [0.2352, 0.5000]
[0.2496, 0.1344, 0.2496, 0.1104, 0.2352] [0.1680, 0.6667]
[0.1344, 0.2496, 0.1104, 0.2352, 0.1680] [0.2352, 0.6000]
[0.2496, 0.1104, 0.2352, 0.1680, 0.2352] [0.2496, 0.7500]
[0.1104, 0.2352, 0.1680, 0.2352, 0.2496] [0.1632, 0.2000]
[0.1200, 0.1008, 0.0912, 0.0960, 0.2208] [0.1536, 0.5000]
[0.1008, 0.0912, 0.0960, 0.2208, 0.1536] [0.2256, 1.0000]
[0.0912, 0.0960, 0.2208, 0.1536, 0.2256] [0.2064, 1.0000]
[0.1776, 0.2448, 0.2448, 0.2448, 0.2496] [0.2496, 0.4286]
[0.1824, 0.1728, 0.1008, 0.1440, 0.1296] [0.2256, 1.0000]
[0.1728, 0.1008, 0.1440, 0.1296, 0.2256] [0.2016, 1.0000]
[0.1008, 0.1440, 0.1296, 0.2256, 0.2016] [0.1632, 1.0000]
[0.0912, 0.2208, 0.1248, 0.1680, 0.1584] [0.1488, 1.0000]
[0.2208, 0.1248, 0.1680, 0.1584, 0.1488] [0.1872, 1.0000]
[0.2160, 0.2544, 0.2160, 0.1584, 0.1392] [0.2304, 0.5000]
[0.2544, 0.2160, 0.1584, 0.1392, 0.2304] [0.1872, 0.5000]
[0.2160, 0.1584, 0.1392, 0.2304, 0.1872] [0.1584, 0.4286]
[0.1584, 0.1392, 0.2304, 0.1872, 0.1584] [0.2160, 0.3000]
[0.1392, 0.2304, 0.1872, 0.1584, 0.2160] [0.2304, 0.2000]
[0.2304, 0.1872, 0.1584, 0.2160, 0.2304] [0.1488, 0.5000]
[0.1872, 0.1584, 0.2160, 0.2304, 0.1488] [0.1536, 1.0000]
[0.1584, 0.2160, 0.2304, 0.1488, 0.1536] [0.1248, 0.4000]
[0.1728, 0.1968, 0.1536, 0.2640, 0.1392] [0.1872, 0.5000]
[0.1968, 0.1536, 0.2640, 0.1392, 0.1872] [0.1584, 0.2500]
[0.1536, 0.2640, 0.1392, 0.1872, 0.1584] [0.1632, 0.7500]
[0.2640, 0.1392, 0.1872, 0.1584, 0.1632] [0.1776, 0.4000]
[0.1392, 0.1872, 0.1584, 0.1632, 0.1776] [0.1584, 0.3636]
[0.1872, 0.1584, 0.1632, 0.1776, 0.1584] [0.2064, 0.5000]
[0.1392, 0.1632, 0.2112, 0.1776, 0.1104] [0.1536, 0.1111]
[0.1632, 0.2112, 0.1776, 0.1104, 0.1536] [0.1680, 0.2857]
[0.2112, 0.1776, 0.1104, 0.1536, 0.1680] [0.1728, 0.4545]
[0.1776, 0.1104, 0.1536, 0.1680, 0.1728] [0.2016, 0.4000]
[0.1104, 0.1536, 0.1680, 0.1728, 0.2016] [0.1920, 0.3333]
[0.1536, 0.1680, 0.1728, 0.2016, 0.1920] [0.1680, 0.5385]
[0.1680, 0.1728, 0.2016, 0.1920, 0.1680] [0.1584, 0.3333]
[0.1728, 0.2016, 0.1920, 0.1680, 0.1584] [0.2304, 0.5385]
[0.2016, 0.1920, 0.1680, 0.1584, 0.2304] [0.1536, 0.1818]
[0.1392, 0.1392, 0.2304, 0.1920, 0.1008] [0.1488, 1.0000]
[0.1392, 0.2304, 0.1920, 0.1008, 0.1488] [0.2016, 0.5000]
[0.2304, 0.1920, 0.1008, 0.1488, 0.2016] [0.1536, 0.3333]
[0.2352, 0.2160, 0.1824, 0.1632, 0.1776] [0.1296, 0.2727]
[0.2160, 0.1824, 0.1632, 0.1776, 0.1296] [0.1248, 0.5000]
[0.1824, 0.1632, 0.1776, 0.1296, 0.1248] [0.1584, 0.2857]
[0.1632, 0.1776, 0.1296, 0.1248, 0.1584] [0.1392, 0.7500]
[0.1776, 0.1296, 0.1248, 0.1584, 0.1392] [0.1824, 0.2000]
[0.2064, 0.1152, 0.2448, 0.1968, 0.2112] [0.1824, 0.2500]
[0.1152, 0.2448, 0.1968, 0.2112, 0.1824] [0.2304, 0.5000]
[0.2448, 0.1968, 0.2112, 0.1824, 0.2304] [0.2112, 0.2500]
[0.1968, 0.2112, 0.1824, 0.2304, 0.2112] [0.2496, 0.5000]
[0.0960, 0.1488, 0.1920, 0.1920, 0.1872] [0.1392, 0.5000]
[0.1488, 0.1920, 0.1920, 0.1872, 0.1392] [0.2016, 0.5556]
[0.1920, 0.1920, 0.1872, 0.1392, 0.2016] [0.2496, 0.4545]
[0.1920, 0.1872, 0.1392, 0.2016, 0.2496] [0.1152, 0.3750]
[0.1872, 0.1392, 0.2016, 0.2496, 0.1152] [0.1440, 0.6000]
[0.1392, 0.2016, 0.2496, 0.1152, 0.1440] [0.2400, 0.2500]
[0.2016, 0.2496, 0.1152, 0.1440, 0.2400] [0.1680, 0.2500]
[0.2496, 0.1152, 0.1440, 0.2400, 0.1680] [0.1152, 0.4286]
[0.1152, 0.1440, 0.2400, 0.1680, 0.1152] [0.2208, 0.3000]
[0.1440, 0.2400, 0.1680, 0.1152, 0.2208] [0.2016, 0.8000]
[0.2400, 0.1680, 0.1152, 0.2208, 0.2016] [0.2112, 0.5000]
[0.1680, 0.1152, 0.2208, 0.2016, 0.2112] [0.2256, 0.2500]
[0.1152, 0.2208, 0.2016, 0.2112, 0.2256] [0.1920, 0.2857]
[0.2208, 0.2016, 0.2112, 0.2256, 0.1920] [0.0816, 0.1429]
[0.1824, 0.1248, 0.1728, 0.1776, 0.1872] [0.1680, 0.4615]
[0.1248, 0.1728, 0.1776, 0.1872, 0.1680] [0.1392, 0.2308]
[0.1728, 0.1776, 0.1872, 0.1680, 0.1392] [0.2352, 0.5385]
[0.1776, 0.1872, 0.1680, 0.1392, 0.2352] [0.1632, 0.3636]
[0.1872, 0.1680, 0.1392, 0.2352, 0.1632] [0.2160, 0.4286]
[0.1680, 0.1392, 0.2352, 0.1632, 0.2160] [0.1152, 0.5000]
[0.1392, 0.2352, 0.1632, 0.2160, 0.1152] [0.2400, 0.4286]
[0.2352, 0.1632, 0.2160, 0.1152, 0.2400] [0.2064, 0.7143]
[0.1632, 0.2160, 0.1152, 0.2400, 0.2064] [0.1728, 0.7143]
[0.2160, 0.1152, 0.2400, 0.2064, 0.1728] [0.2640, 0.2222]
[0.1152, 0.2400, 0.2064, 0.1728, 0.2640] [0.2160, 0.2857]
[0.2400, 0.2064, 0.1728, 0.2640, 0.2160] [0.2208, 0.5000]
[0.2064, 0.1728, 0.2640, 0.2160, 0.2208] [0.1776, 0.4000]
[0.2160, 0.1200, 0.1104, 0.0912, 0.1152] [0.1632, 0.6667]
[0.1200, 0.1104, 0.0912, 0.1152, 0.1632] [0.2592, 0.5000]
[0.1104, 0.0912, 0.1152, 0.1632, 0.2592] [0.2640, 0.6667]
[0.2256, 0.1728, 0.1776, 0.1584, 0.2256] [0.1824, 0.7500]
[0.1728, 0.1776, 0.1584, 0.2256, 0.1824] [0.1872, 0.2857]
[0.1776, 0.1584, 0.2256, 0.1824, 0.1872] [0.2160, 0.2500]
[0.1584, 0.2256, 0.1824, 0.1872, 0.2160] [0.2448, 0.2857]
[0.2256, 0.1824, 0.1872, 0.2160, 0.2448] [0.1152, 0.5000]
[0.1824, 0.1872, 0.2160, 0.2448, 0.1152] [0.1536, 0.4286]
[0.1872, 0.2160, 0.2448, 0.1152, 0.1536] [0.1536, 0.3333]
[0.2160, 0.2448, 0.1152, 0.1536, 0.1536] [0.2256, 0.5000]
[0.2448, 0.1152, 0.1536, 0.1536, 0.2256] [0.1632, 0.6667]
[0.1536, 0.1536, 0.1680, 0.2208, 0.1344] [0.1344, 0.3333]
[0.1536, 0.1680, 0.2208, 0.1344, 0.1344] [0.1968, 0.2500]
[0.1680, 0.2208, 0.1344, 0.1344, 0.1968] [0.0720, 0.4000]
[0.2208, 0.1344, 0.1344, 0.1968, 0.0720] [0.1632, 0.5000]
[0.1344, 0.1344, 0.1968, 0.0720, 0.1632] [0.1104, 0.5000]
[0.1968, 0.2352, 0.2064, 0.2112, 0.1872] [0.2304, 0.2222]
[0.2352, 0.2064, 0.2112, 0.1872, 0.2304] [0.1056, 0.1250]
[0.2064, 0.2112, 0.1872, 0.2304, 0.1056] [0.2544, 0.5000]
[0.2112, 0.1872, 0.2304, 0.1056, 0.2544] [0.1008, 0.5000]
[0.1872, 0.2304, 0.1056, 0.2544, 0.1008] [0.2256, 1.0000]
[0.2304, 0.1056, 0.2544, 0.1008, 0.2256] [0.1392, 1.0000]
[0.1056, 0.2544, 0.1008, 0.2256, 0.1392] [0.1968, 1.0000]
[0.2544, 0.1008, 0.2256, 0.1392, 0.1968] [0.2160, 0.5000]
[0.1008, 0.2256, 0.1392, 0.1968, 0.2160] [0.2448, 0.5000]
[0.2208, 0.2112, 0.2256, 0.1824, 0.1920] [0.2208, 0.5714]
[0.2112, 0.2256, 0.1824, 0.1920, 0.2208] [0.1680, 0.7143]
[0.2256, 0.2496, 0.2256, 0.2448, 0.2112] [0.2496, 0.4000]
[0.2496, 0.2256, 0.2448, 0.2112, 0.2496] [0.2496, 0.2857]
[0.1440, 0.2352, 0.1296, 0.2448, 0.1248] [0.1968, 0.6667]
[0.2352, 0.1296, 0.2448, 0.1248, 0.1968] [0.1872, 0.6000]
[0.1872, 0.2160, 0.1344, 0.2496, 0.2256] [0.2064, 0.3333]
[0.2160, 0.1344, 0.2496, 0.2256, 0.2064] [0.1488, 0.3333]
[0.2208, 0.1536, 0.1968, 0.2400, 0.1968] [0.1776, 0.6000]
[0.1536, 0.1968, 0.2400, 0.1968, 0.1776] [0.1392, 0.3333]
[0.1968, 0.2400, 0.1968, 0.1776, 0.1392] [0.2592, 0.3333]
[0.1440, 0.2640, 0.2160, 0.2400, 0.2016] [0.1200, 1.0000]
[0.2640, 0.2160, 0.2400, 0.2016, 0.1200] [0.1392, 1.0000]
[0.2160, 0.2400, 0.2016, 0.1200, 0.1392] [0.1920, 0.3333]
[0.2592, 0.1632, 0.1152, 0.2112, 0.1728] [0.2112, 0.5000]
[0.1632, 0.1152, 0.2112, 0.1728, 0.2112] [0.2112, 0.4615]
[0.1152, 0.2112, 0.1728, 0.2112, 0.2112] [0.1008, 0.1538]
[0.2112, 0.1728, 0.2112, 0.2112, 0.1008] [0.2592, 0.6667]
[0.1728, 0.2112, 0.2112, 0.1008, 0.2592] [0.2016, 0.3333]
[0.2112, 0.2112, 0.1008, 0.2592, 0.2016] [0.1248, 1.0000]
[0.2112, 0.1008, 0.2592, 0.2016, 0.1248] [0.1968, 0.5000]
[0.1008, 0.2592, 0.2016, 0.1248, 0.1968] [0.1488, 1.0000]
[0.2592, 0.2016, 0.1248, 0.1968, 0.1488] [0.2544, 0.3333]
[0.2016, 0.1248, 0.1968, 0.1488, 0.2544] [0.1872, 0.6667]
[0.1248, 0.1968, 0.1488, 0.2544, 0.1872] [0.1296, 0.4286]
[0.1968, 0.1488, 0.2544, 0.1872, 0.1296] [0.1248, 0.5000]
[0.1488, 0.2544, 0.1872, 0.1296, 0.1248] [0.1152, 0.3333]
[0.2544, 0.1872, 0.1296, 0.1248, 0.1152] [0.1488, 0.1000]
[0.1872, 0.1296, 0.1248, 0.1152, 0.1488] [0.2496, 0.6000]
[0.1296, 0.1248, 0.1152, 0.1488, 0.2496] [0.1872, 0.4000]
[0.1584, 0.2544, 0.1872, 0.2016, 0.1152] [0.1776, 0.1667]
[0.2544, 0.1872, 0.2016, 0.1152, 0.1776] [0.1632, 0.4000]
[0.1872, 0.2016, 0.1152, 0.1776, 0.1632] [0.1824, 0.4000]
[0.2016, 0.1152, 0.1776, 0.1632, 0.1824] [0.1248, 0.2308]
[0.1152, 0.1776, 0.1632, 0.1824, 0.1248] [0.1920, 0.5556]
[0.1776, 0.1632, 0.1824, 0.1248, 0.1920] [0.2016, 0.1818]
[0.1632, 0.1824, 0.1248, 0.1920, 0.2016] [0.1872, 0.4000]
[0.1824, 0.1248, 0.1920, 0.2016, 0.1872] [0.1584, 0.2308]
[0.1248, 0.1920, 0.2016, 0.1872, 0.1584] [0.2592, 0.2222]
[0.1920, 0.2016, 0.1872, 0.1584, 0.2592] [0.2640, 0.4545]
[0.2016, 0.1872, 0.1584, 0.2592, 0.2640] [0.2640, 0.6000]
[0.1872, 0.1584, 0.2592, 0.2640, 0.2640] [0.1104, 0.5000]
[0.1584, 0.2592, 0.2640, 0.2640, 0.1104] [0.2352, 0.5000]
[0.2592, 0.2640, 0.2640, 0.1104, 0.2352] [0.1968, 1.0000]
[0.2640, 0.2640, 0.1104, 0.2352, 0.1968] [0.1968, 0.3333]
[0.2640, 0.1104, 0.2352, 0.1968, 0.1968] [0.2064, 0.3333]
[0.1104, 0.2352, 0.1968, 0.1968, 0.2064] [0.2592, 0.5000]
[0.2352, 0.1968, 0.1968, 0.2064, 0.2592] [0.2592, 0.2500]
[0.1968, 0.1968, 0.2064, 0.2592, 0.2592] [0.2016, 0.4444]
[0.1968, 0.2064, 0.2592, 0.2592, 0.2016] [0.2016, 0.2222]
[0.1728, 0.2016, 0.2016, 0.2544, 0.1776] [0.2112, 0.2500]
[0.2256, 0.2400, 0.1728, 0.1248, 0.1392] [0.1632, 0.3333]
[0.2400, 0.1728, 0.1248, 0.1392, 0.1632] [0.2304, 0.6000]
[0.1728, 0.1248, 0.1392, 0.1632, 0.2304] [0.1968, 0.7500]
[0.1248, 0.1392, 0.1632, 0.2304, 0.1968] [0.1152, 0.5000]
[0.1392, 0.1632, 0.2304, 0.1968, 0.1152] [0.2544, 0.5000]
[0.1632, 0.2304, 0.1968, 0.1152, 0.2544] [0.2304, 0.5000]
[0.2304, 0.1968, 0.1152, 0.2544, 0.2304] [0.1104, 0.5000]
[0.1968, 0.1152, 0.2544, 0.2304, 0.1104] [0.1104, 1.0000]
[0.2256, 0.1632, 0.1680, 0.2400, 0.1584] [0.2640, 0.2857]
[0.2592, 0.2448, 0.1344, 0.2496, 0.1920] [0.1104, 0.3333]
[0.1536, 0.1824, 0.2592, 0.1728, 0.1536] [0.2112, 0.1667]
[0.1824, 0.2592, 0.1728, 0.1536, 0.2112] [0.1584, 0.3333]
[0.2592, 0.1728, 0.1536, 0.2112, 0.1584] [0.1872, 0.3333]
[0.1728, 0.1536, 0.2112, 0.1584, 0.1872] [0.1968, 0.8000]
[0.1536, 0.2112, 0.1584, 0.1872, 0.1968] [0.2064, 0.3636]
[0.2112, 0.1584, 0.1872, 0.1968, 0.2064] [0.1440, 0.2308]
[0.1776, 0.1920, 0.1584, 0.1488, 0.2352] [0.1632, 0.5714]
[0.1920, 0.1584, 0.1488, 0.2352, 0.1632] [0.1536, 0.5556]
[0.1584, 0.1488, 0.2352, 0.1632, 0.1536] [0.1728, 0.5000]
[0.1488, 0.2352, 0.1632, 0.1536, 0.1728] [0.1728, 0.6000]
[0.2352, 0.1632, 0.1536, 0.1728, 0.1728] [0.2160, 0.5000]
[0.1632, 0.1536, 0.1728, 0.1728, 0.2160] [0.1728, 0.1111]
[0.1536, 0.1728, 0.1728, 0.2160, 0.1728] [0.1920, 1.0000]
[0.1728, 0.1728, 0.2160, 0.1728, 0.1920] [0.1536, 0.3636]
[0.2208, 0.2064, 0.1296, 0.2448, 0.1920] [0.1728, 0.5000]
[0.2064, 0.1296, 0.2448, 0.1920, 0.1728] [0.1008, 0.2500]
[0.1296, 0.2448, 0.1920, 0.1728, 0.1008] [0.2064, 0.5000]
[0.2448, 0.1920, 0.1728, 0.1008, 0.2064] [0.2352, 0.5000]
[0.1920, 0.1728, 0.1008, 0.2064, 0.2352] [0.1200, 1.0000]
[0.1728, 0.1008, 0.2064, 0.2352, 0.1200] [0.1440, 1.0000]
[0.1008, 0.2064, 0.2352, 0.1200, 0.1440] [0.1968, 1.0000]
[0.2064, 0.2352, 0.1200, 0.1440, 0.1968] [0.1584, 0.2000]
[0.2352, 0.1200, 0.1440, 0.1968, 0.1584] [0.2064, 0.2500]
[0.1200, 0.1440, 0.1968, 0.1584, 0.2064] [0.1152, 0.5000]
[0.1440, 0.1968, 0.1584, 0.2064, 0.1152] [0.2400, 0.5000]
[0.1968, 0.1584, 0.2064, 0.1152, 0.2400] [0.1776, 0.6667]
[0.2256, 0.2592, 0.1584, 0.2304, 0.2544] [0.2112, 1.0000]
[0.1152, 0.1296, 0.1248, 0.0960, 0.0960] [0.0960, 1.0000]
[0.1296, 0.1248, 0.0960, 0.0960, 0.0960] [0.2496, 1.0000]
[0.1248, 0.0960, 0.0960, 0.0960, 0.2496] [0.2448, 0.5000]
[0.0960, 0.0960, 0.0960, 0.2496, 0.2448] [0.1776, 1.0000]
[0.0960, 0.0960, 0.2496, 0.2448, 0.1776] [0.2592, 1.0000]
[0.0960, 0.2496, 0.2448, 0.1776, 0.2592] [0.1968, 1.0000]
[0.1728, 0.2016, 0.1824, 0.1872, 0.2400] [0.1536, 0.1818]
[0.2016, 0.1824, 0.1872, 0.2400, 0.1536] [0.2400, 0.2000]
[0.1824, 0.1872, 0.2400, 0.1536, 0.2400] [0.1824, 0.5000]
[0.1872, 0.2400, 0.1536, 0.2400, 0.1824] [0.1296, 0.1429]
[0.2400, 0.1536, 0.2400, 0.1824, 0.1296] [0.1344, 0.5000]
[0.2496, 0.1440, 0.1344, 0.2544, 0.1392] [0.1200, 0.3333]
[0.1440, 0.1344, 0.2544, 0.1392, 0.1200] [0.2064, 0.5000]
[0.1344, 0.2544, 0.1392, 0.1200, 0.2064] [0.1536, 0.5000]
[0.2544, 0.1392, 0.1200, 0.2064, 0.1536] [0.1296, 0.2500]
[0.1392, 0.1200, 0.2064, 0.1536, 0.1296] [0.2496, 0.2500]
[0.1200, 0.2064, 0.1536, 0.1296, 0.2496] [0.1824, 0.6667]
[0.2064, 0.1536, 0.1296, 0.2496, 0.1824] [0.1152, 0.5556]
[0.1536, 0.1296, 0.2496, 0.1824, 0.1152] [0.1536, 0.2000]
[0.1296, 0.2496, 0.1824, 0.1152, 0.1536] [0.2160, 0.6667]
[0.2496, 0.1824, 0.1152, 0.1536, 0.2160] [0.1536, 0.5000]
[0.1824, 0.1152, 0.1536, 0.2160, 0.1536] [0.2304, 0.3333]
[0.1152, 0.1536, 0.2160, 0.1536, 0.2304] [0.1776, 0.6667]
[0.1536, 0.2160, 0.1536, 0.2304, 0.1776] [0.2352, 0.6000]
[0.2160, 0.1536, 0.2304, 0.1776, 0.2352] [0.2160, 0.7500]
[0.1536, 0.2304, 0.1776, 0.2352, 0.2160] [0.2448, 0.4000]
[0.2304, 0.1776, 0.2352, 0.2160, 0.2448] [0.1680, 0.7500]
[0.1776, 0.2352, 0.2160, 0.2448, 0.1680] [0.1392, 0.1818]
[0.1632, 0.1872, 0.2112, 0.2544, 0.1872] [0.1392, 0.2500]
[0.1872, 0.2112, 0.2544, 0.1872, 0.1392] [0.0768, 0.1667]
[0.2112, 0.2544, 0.1872, 0.1392, 0.0768] [0.1824, 0.5000]
[0.2544, 0.1872, 0.1392, 0.0768, 0.1824] [0.2064, 1.0000]
[0.1872, 0.1392, 0.0768, 0.1824, 0.2064] [0.2448, 0.2000]
[0.1392, 0.0768, 0.1824, 0.2064, 0.2448] [0.1104, 0.5000]
[0.0768, 0.1824, 0.2064, 0.2448, 0.1104] [0.1824, 1.0000]
[0.1824, 0.2064, 0.2448, 0.1104, 0.1824] [0.1632, 0.5556]
[0.2304, 0.2064, 0.2256, 0.2256, 0.1200] [0.1872, 0.2500]
[0.2016, 0.1680, 0.0960, 0.1104, 0.1872] [0.2208, 0.6667]
[0.2640, 0.1728, 0.2160, 0.2352, 0.2544] [0.2352, 0.2500]
[0.1728, 0.2160, 0.2352, 0.2544, 0.2352] [0.2400, 0.4286]
[0.2160, 0.2352, 0.2544, 0.2352, 0.2400] [0.1632, 0.6667]
[0.2352, 0.2544, 0.2352, 0.2400, 0.1632] [0.1920, 0.4000]
[0.2544, 0.2352, 0.2400, 0.1632, 0.1920] [0.2016, 0.5556]
[0.2352, 0.2400, 0.1632, 0.1920, 0.2016] [0.1344, 0.2727]
[0.2544, 0.2160, 0.1440, 0.1248, 0.1008] [0.1536, 1.0000]
[0.2160, 0.1440, 0.1248, 0.1008, 0.1536] [0.1488, 0.3333]
[0.1440, 0.1248, 0.1008, 0.1536, 0.1488] [0.1344, 1.0000]
[0.1248, 0.1008, 0.1536, 0.1488, 0.1344] [0.1536, 1.0000]
[0.1008, 0.1536, 0.1488, 0.1344, 0.1536] [0.1824, 1.0000]
[0.1536, 0.1488, 0.1344, 0.1536, 0.1824] [0.1536, 0.2500]
[0.1488, 0.1344, 0.1536, 0.1824, 0.1536] [0.2304, 1.0000]
[0.2640, 0.2400, 0.1824, 0.1632, 0.1104] [0.1584, 0.4000]
[0.2400, 0.1824, 0.1632, 0.1104, 0.1584] [0.1824, 0.4286]
[0.1824, 0.1632, 0.1104, 0.1584, 0.1824] [0.2544, 0.0909]
[0.1632, 0.1104, 0.1584, 0.1824, 0.2544] [0.1968, 0.7500]
[0.2064, 0.2064, 0.2016, 0.1152, 0.2592] [0.1536, 0.1818]
[0.2064, 0.2016, 0.1152, 0.2592, 0.1536] [0.1872, 0.5000]
[0.2016, 0.1152, 0.2592, 0.1536, 0.1872] [0.2160, 0.3750]
[0.1152, 0.2592, 0.1536, 0.1872, 0.2160] [0.1968, 0.4000]
[0.2592, 0.1536, 0.1872, 0.2160, 0.1968] [0.1920, 0.6000]
[0.1536, 0.1872, 0.2160, 0.1968, 0.1920] [0.2544, 0.5556]
[0.1632, 0.1680, 0.1824, 0.2208, 0.1152] [0.2304, 0.2000]
[0.1680, 0.1824, 0.2208, 0.1152, 0.2304] [0.2208, 0.1667]
[0.1824, 0.2208, 0.1152, 0.2304, 0.2208] [0.1584, 0.6667]
[0.2208, 0.1152, 0.2304, 0.2208, 0.1584] [0.2208, 0.6667]
[0.1824, 0.1824, 0.2592, 0.2448, 0.1680] [0.2352, 0.3333]
[0.1824, 0.2592, 0.2448, 0.1680, 0.2352] [0.2256, 0.3333]
[0.2592, 0.2448, 0.1680, 0.2352, 0.2256] [0.1584, 0.5000]
[0.2448, 0.1680, 0.2352, 0.2256, 0.1584] [0.1440, 0.5000]
[0.1680, 0.2352, 0.2256, 0.1584, 0.1440] [0.2304, 0.3333]
[0.2352, 0.2256, 0.1584, 0.1440, 0.2304] [0.2112, 0.5000]
[0.2256, 0.1584, 0.1440, 0.2304, 0.2112] [0.2160, 0.5714]
[0.1584, 0.1440, 0.2304, 0.2112, 0.2160] [0.1488, 0.3333]
[0.1440, 0.2304, 0.2112, 0.2160, 0.1488] [0.1872, 0.5714]
[0.1152, 0.1968, 0.1008, 0.1680, 0.2544] [0.2208, 1.0000]
[0.1968, 0.1008, 0.1680, 0.2544, 0.2208] [0.1776, 0.5000]
[0.1008, 0.1680, 0.2544, 0.2208, 0.1776] [0.1872, 1.0000]
[0.1680, 0.2544, 0.2208, 0.1776, 0.1872] [0.2160, 0.3333]
[0.2544, 0.2208, 0.1776, 0.1872, 0.2160] [0.1536, 0.4000]
[0.2208, 0.1776, 0.1872, 0.2160, 0.1536] [0.2064, 0.5714]
[0.1776, 0.1872, 0.2160, 0.1536, 0.2064] [0.2496, 0.3333]
[0.1872, 0.2160, 0.1536, 0.2064, 0.2496] [0.2640, 0.4000]
[0.2256, 0.1152, 0.1872, 0.1728, 0.0864] [0.2544, 0.5000]
[0.2304, 0.1344, 0.1632, 0.1632, 0.2112] [0.1872, 0.3333]
[0.1344, 0.1632, 0.1632, 0.2112, 0.1872] [0.1968, 0.5385]
[0.1632, 0.1632, 0.2112, 0.1872, 0.1968] [0.2112, 0.5000]
[0.1632, 0.2112, 0.1872, 0.1968, 0.2112] [0.1920, 0.5000]
[0.2112, 0.1872, 0.1968, 0.2112, 0.1920] [0.1872, 0.5000]
[0.1872, 0.1968, 0.2112, 0.1920, 0.1872] [0.1728, 0.5000]
[0.1968, 0.2112, 0.1920, 0.1872, 0.1728] [0.2256, 0.1667]
[0.2112, 0.1920, 0.1872, 0.1728, 0.2256] [0.1920, 0.3636]
[0.1920, 0.1872, 0.1728, 0.2256, 0.1920] [0.2448, 0.5000]
[0.1872, 0.1728, 0.2256, 0.1920, 0.2448] [0.1728, 0.2857]
[0.1728, 0.2256, 0.1920, 0.2448, 0.1728] [0.2112, 0.6667]
[0.2160, 0.1728, 0.1824, 0.1488, 0.1776] [0.2640, 0.4000]
[0.1728, 0.1824, 0.1488, 0.1776, 0.2640] [0.1200, 0.3750]
[0.1824, 0.1488, 0.1776, 0.2640, 0.1200] [0.1536, 0.6000]
[0.1488, 0.1776, 0.2640, 0.1200, 0.1536] [0.1296, 0.5000]
[0.2400, 0.2400, 0.1920, 0.1392, 0.1392] [0.0960, 0.1111]
[0.2400, 0.1920, 0.1392, 0.1392, 0.0960] [0.1392, 1.0000]
[0.1920, 0.1392, 0.1392, 0.0960, 0.1392] [0.1632, 1.0000]
[0.1392, 0.1392, 0.0960, 0.1392, 0.1632] [0.2256, 0.5000]
[0.1392, 0.0960, 0.1392, 0.1632, 0.2256] [0.2256, 0.6667]
[0.0960, 0.1392, 0.1632, 0.2256, 0.2256] [0.1344, 1.0000]
[0.1392, 0.1632, 0.2256, 0.2256, 0.1344] [0.1728, 0.7500]
[0.1632, 0.2256, 0.2256, 0.1344, 0.1728] [0.1296, 0.4286]
[0.2256, 0.2256, 0.1344, 0.1728, 0.1296] [0.2208, 1.0000]
[0.2256, 0.1344, 0.1728, 0.1296, 0.2208] [0.2400, 0.3333]
[0.1344, 0.1728, 0.1296, 0.2208, 0.2400] [0.2592, 1.0000]
[0.1200, 0.0576, 0.1440, 0.1680, 0.1632] [0.1680, 0.2500]
[0.0576, 0.1440, 0.1680, 0.1632, 0.1680] [0.1824, 0.5000]
[0.1440, 0.1680, 0.1632, 0.1680, 0.1824] [0.1824, 0.5385]
[0.1680, 0.1632, 0.1680, 0.1824, 0.1824] [0.2208, 0.1667]
[0.1632, 0.1680, 0.1824, 0.1824, 0.2208] [0.1488, 0.1818]
[0.1680, 0.1824, 0.1824, 0.2208, 0.1488] [0.2016, 0.4000]
[0.1824, 0.1824, 0.2208, 0.1488, 0.2016] [0.1344, 0.1111]
[0.1824, 0.2208, 0.1488, 0.2016, 0.1344] [0.0864, 0.2500]
[0.2208, 0.1488, 0.2016, 0.1344, 0.0864] [0.0864, 1.0000]
[0.1488, 0.2016, 0.1344, 0.0864, 0.0864] [0.0864, 0.5000]
[0.2016, 0.1344, 0.0864, 0.0864, 0.0864] [0.1584, 0.5000]
[0.1344, 0.0864, 0.0864, 0.0864, 0.1584] [0.2064, 1.0000]
[0.0864, 0.0864, 0.0864, 0.1584, 0.2064] [0.1056, 1.0000]
[0.1968, 0.1056, 0.2016, 0.2016, 0.2112] [0.2592, 0.5000]
[0.1056, 0.2016, 0.2016, 0.2112, 0.2592] [0.1920, 0.7500]
[0.2016, 0.2016, 0.2112, 0.2592, 0.1920] [0.1920, 0.2500]
[0.2016, 0.2112, 0.2592, 0.1920, 0.1920] [0.2400, 0.0909]
[0.2112, 0.2592, 0.1920, 0.1920, 0.2400] [0.2112, 0.7143]
[0.2592, 0.1920, 0.1920, 0.2400, 0.2112] [0.1584, 0.2857]
[0.1920, 0.1920, 0.2400, 0.2112, 0.1584] [0.2064, 0.6667]
[0.1920, 0.2400, 0.2112, 0.1584, 0.2064] [0.2160, 0.3333]
[0.2544, 0.1536, 0.1296, 0.1968, 0.1488] [0.2256, 0.3750]
[0.1536, 0.1296, 0.1968, 0.1488, 0.2256] [0.1728, 0.6667]
[0.1296, 0.1968, 0.1488, 0.2256, 0.1728] [0.1680, 0.4286]
[0.1968, 0.1488, 0.2256, 0.1728, 0.1680] [0.1632, 0.2500]
[0.1488, 0.2256, 0.1728, 0.1680, 0.1632] [0.1824, 0.3750]
[0.2256, 0.1728, 0.1680, 0.1632, 0.1824] [0.1968, 0.5000]
[0.1728, 0.1680, 0.1632, 0.1824, 0.1968] [0.1344, 0.3333]
[0.1680, 0.1632, 0.1824, 0.1968, 0.1344] [0.1536, 0.2308]
[0.1632, 0.1824, 0.1968, 0.1344, 0.1536] [0.2064, 0.2857]
[0.1824, 0.1968, 0.1344, 0.1536, 0.2064] [0.1104, 0.4545]
[0.1968, 0.1344, 0.1536, 0.2064, 0.1104] [0.2160, 0.3750]
[0.1344, 0.1536, 0.2064, 0.1104, 0.2160] [0.1728, 0.6667]
[0.1536, 0.2064, 0.1104, 0.2160, 0.1728] [0.1584, 0.4286]
[0.2064, 0.1104, 0.2160, 0.1728, 0.1584] [0.1200, 0.5000]
[0.1104, 0.2160, 0.1728, 0.1584, 0.1200] [0.2160, 0.6667]
[0.2160, 0.1728, 0.1584, 0.1200, 0.2160] [0.1920, 0.5000]
[0.1728, 0.1584, 0.1200, 0.2160, 0.1920] [0.2496, 0.3333]
[0.1584, 0.1200, 0.2160, 0.1920, 0.2496] [0.2160, 0.1667]
[0.1200, 0.2160, 0.1920, 0.2496, 0.2160] [0.1344, 0.4000]
[0.2160, 0.1920, 0.2496, 0.2160, 0.1344] [0.2448, 0.2500]
[0.1920, 0.2496, 0.2160, 0.1344, 0.2448] [0.1200, 1.0000]
[0.2496, 0.2160, 0.1344, 0.2448, 0.1200] [0.1584, 0.6667]
[0.2160, 0.1344, 0.2448, 0.1200, 0.1584] [0.2448, 1.0000]
[0.1344, 0.2448, 0.1200, 0.1584, 0.2448] [0.1920, 1.0000]
[0.2448, 0.1200, 0.1584, 0.2448, 0.1920] [0.2400, 0.5714]
[0.1200, 0.1584, 0.2448, 0.1920, 0.2400] [0.1872, 0.3333]
[0.1584, 0.2448, 0.1920, 0.2400, 0.1872] [0.1008, 0.2500]
[0.2448, 0.1920, 0.2400, 0.1872, 0.1008] [0.1152, 1.0000]
[0.1920, 0.2400, 0.1872, 0.1008, 0.1152] [0.1824, 1.0000]
[0.2400, 0.1872, 0.1008, 0.1152, 0.1824] [0.1776, 0.6667]
[0.1872, 0.1008, 0.1152, 0.1824, 0.1776] [0.2016, 0.5000]
[0.2448, 0.1728, 0.2064, 0.2304, 0.1824] [0.1728, 0.5714]
[0.1728, 0.2064, 0.2304, 0.1824, 0.1728] [0.1920, 0.5455]
[0.2064, 0.2304, 0.1824, 0.1728, 0.1920] [0.1920, 0.4444]
[0.2400, 0.1824, 0.1440, 0.1632, 0.2208] [0.1968, 0.5000]
[0.1824, 0.1440, 0.1632, 0.2208, 0.1968] [0.1104, 0.3333]
[0.1440, 0.1632, 0.2208, 0.1968, 0.1104] [0.1200, 0.3333]
[0.1632, 0.2208, 0.1968, 0.1104, 0.1200] [0.2448, 0.2000]
[0.2208, 0.1968, 0.1104, 0.1200, 0.2448] [0.1104, 0.5000]
[0.1968, 0.1104, 0.1200, 0.2448, 0.1104] [0.1440, 0.3333]
[0.1104, 0.1200, 0.2448, 0.1104, 0.1440] [0.1152, 0.5000]
[0.1200, 0.2448, 0.1104, 0.1440, 0.1152] [0.2016, 1.0000]
[0.2448, 0.1104, 0.1440, 0.1152, 0.2016] [0.1056, 0.4000]
[0.1104, 0.1440, 0.1152, 0.2016, 0.1056] [0.2400, 0.5000]
[0.1968, 0.2064, 0.2160, 0.2208, 0.1728] [0.1344, 0.3333]
[0.2064, 0.2160, 0.2208, 0.1728, 0.1344] [0.2304, 0.4000]
[0.2160, 0.2208, 0.1728, 0.1344, 0.2304] [0.2256, 0.6000]
[0.2208, 0.1728, 0.1344, 0.2304, 0.2256] [0.1824, 0.2500]
[0.1248, 0.1296, 0.2160, 0.1536, 0.2064] [0.2448, 0.5000]
[0.1296, 0.2160, 0.1536, 0.2064, 0.2448] [0.1968, 0.4000]
[0.1776, 0.2352, 0.2064, 0.1392, 0.1248] [0.1584, 0.6000]
[0.2352, 0.2064, 0.1392, 0.1248, 0.1584] [0.2064, 0.4000]
[0.2064, 0.1392, 0.1248, 0.1584, 0.2064] [0.2064, 0.5714]
[0.1392, 0.1248, 0.1584, 0.2064, 0.2064] [0.1968, 0.7143]
[0.1248, 0.1584, 0.2064, 0.2064, 0.1968] [0.0816, 0.1667]
[0.1584, 0.2064, 0.2064, 0.1968, 0.0816] [0.1392, 0.5000]
[0.2064, 0.2064, 0.1968, 0.0816, 0.1392] [0.1008, 0.5000]
[0.2064, 0.1968, 0.0816, 0.1392, 0.1008] [0.1872, 1.0000]
[0.1968, 0.0816, 0.1392, 0.1008, 0.1872] [0.1392, 1.0000]
[0.0816, 0.1392, 0.1008, 0.1872, 0.1392] [0.1680, 1.0000]
[0.1392, 0.1008, 0.1872, 0.1392, 0.1680] [0.2544, 0.5000]
[0.2016, 0.1872, 0.1920, 0.1824, 0.2400] [0.2448, 0.3636]
[0.1872, 0.1920, 0.1824, 0.2400, 0.2448] [0.1680, 0.4444]
[0.1920, 0.1824, 0.2400, 0.2448, 0.1680] [0.2208, 0.3333]
[0.1824, 0.2400, 0.2448, 0.1680, 0.2208] [0.1296, 0.3333]
[0.2400, 0.2448, 0.1680, 0.2208, 0.1296] [0.1920, 0.5000]
[0.2448, 0.1680, 0.2208, 0.1296, 0.1920] [0.2352, 0.2857]
[0.1968, 0.2064, 0.1440, 0.1536, 0.2352] [0.1680, 0.5714]
[0.2064, 0.1440, 0.1536, 0.2352, 0.1680] [0.1824, 0.1111]
[0.1440, 0.1536, 0.2352, 0.1680, 0.1824] [0.1728, 0.6667]
[0.1536, 0.2352, 0.1680, 0.1824, 0.1728] [0.2592, 0.5000]
[0.2352, 0.1680, 0.1824, 0.1728, 0.2592] [0.1344, 0.3750]
[0.1680, 0.1824, 0.1728, 0.2592, 0.1344] [0.2064, 0.4000]
[0.1824, 0.1728, 0.2592, 0.1344, 0.2064] [0.1968, 0.5556]
[0.1632, 0.1296, 0.0672, 0.1392, 0.2448] [0.0624, 1.0000]
[0.1296, 0.0672, 0.1392, 0.2448, 0.0624] [0.1104, 1.0000]
[0.0672, 0.1392, 0.2448, 0.0624, 0.1104] [0.0768, 1.0000]
[0.1392, 0.2448, 0.0624, 0.1104, 0.0768] [0.1008, 1.0000]
[0.2448, 0.0624, 0.1104, 0.0768, 0.1008] [0.2016, 1.0000]
[0.0624, 0.1104, 0.0768, 0.1008, 0.2016] [0.1104, 1.0000]
[0.1104, 0.0768, 0.1008, 0.2016, 0.1104] [0.1296, 1.0000]
[0.0768, 0.1008, 0.2016, 0.1104, 0.1296] [0.1392, 1.0000]
[0.1008, 0.2016, 0.1104, 0.1296, 0.1392] [0.2256, 1.0000]
[0.2016, 0.1104, 0.1296, 0.1392, 0.2256] [0.1776, 0.4000]
[0.1104, 0.1296, 0.1392, 0.2256, 0.1776] [0.2256, 0.2500]
[0.1296, 0.1392, 0.2256, 0.1776, 0.2256] [0.1296, 0.3333]
[0.1392, 0.2256, 0.1776, 0.2256, 0.1296] [0.2160, 0.4286]
[0.2256, 0.1776, 0.2256, 0.1296, 0.2160] [0.1920, 0.7143]
[0.1776, 0.2256, 0.1296, 0.2160, 0.1920] [0.1920, 0.7143]
[0.2256, 0.1296, 0.2160, 0.1920, 0.1920] [0.1920, 0.3333]
[0.1296, 0.2160, 0.1920, 0.1920, 0.1920] [0.1920, 0.3750]
[0.2160, 0.1920, 0.1920, 0.1920, 0.1920] [0.2160, 0.3333]
[0.1920, 0.1920, 0.1920, 0.1920, 0.2160] [0.2352, 0.3636]
[0.1920, 0.1920, 0.1920, 0.2160, 0.2352] [0.2304, 0.5556]
[0.1920, 0.1920, 0.2160, 0.2352, 0.2304] [0.1680, 0.4000]
[0.1920, 0.2160, 0.2352, 0.2304, 0.1680] [0.1632, 0.5455]
[0.2160, 0.2352, 0.2304, 0.1680, 0.1632] [0.1632, 0.5556]
[0.2352, 0.2304, 0.1680, 0.1632, 0.1632] [0.1152, 0.2727]
[0.2304, 0.1680, 0.1632, 0.1632, 0.1152] [0.1872, 0.5000]
[0.2160, 0.1824, 0.0768, 0.0960, 0.2304] [0.1584, 1.0000]
[0.1824, 0.0768, 0.0960, 0.2304, 0.1584] [0.1392, 1.0000]
[0.0768, 0.0960, 0.2304, 0.1584, 0.1392] [0.1776, 1.0000]
[0.0960, 0.2304, 0.1584, 0.1392, 0.1776] [0.1392, 0.6667]
[0.2304, 0.1584, 0.1392, 0.1776, 0.1392] [0.0624, 0.1250]
[0.1584, 0.1392, 0.1776, 0.1392, 0.0624] [0.0624, 0.5000]
[0.1392, 0.1776, 0.1392, 0.0624, 0.0624] [0.2064, 0.5000]
[0.1776, 0.1392, 0.0624, 0.0624, 0.2064] [0.2016, 1.0000]
[0.1392, 0.0624, 0.0624, 0.2064, 0.2016] [0.1392, 1.0000]
[0.0624, 0.0624, 0.2064, 0.2016, 0.1392] [0.1248, 1.0000]
[0.0624, 0.2064, 0.2016, 0.1392, 0.1248] [0.2304, 1.0000]
[0.1296, 0.2016, 0.2064, 0.2208, 0.1728] [0.2064, 1.0000]
[0.2016, 0.2064, 0.2208, 0.1728, 0.2064] [0.1392, 0.3636]
[0.2064, 0.2208, 0.1728, 0.2064, 0.1392] [0.0960, 0.3333]
[0.2208, 0.1728, 0.2064, 0.1392, 0.0960] [0.1824, 0.6000]
[0.1728, 0.2064, 0.1392, 0.0960, 0.1824] [0.1296, 0.5000]
[0.1632, 0.1104, 0.2016, 0.2112, 0.1920] [0.1824, 0.4615]
[0.1104, 0.2016, 0.2112, 0.1920, 0.1824] [0.0912, 0.1538]
[0.2016, 0.2112, 0.1920, 0.1824, 0.0912] [0.2208, 0.6667]
[0.2112, 0.1920, 0.1824, 0.0912, 0.2208] [0.2160, 0.3333]
[0.1920, 0.1824, 0.0912, 0.2208, 0.2160] [0.2400, 1.0000]
[0.1824, 0.0912, 0.2208, 0.2160, 0.2400] [0.2448, 1.0000]
[0.1392, 0.2016, 0.1152, 0.2544, 0.1392] [0.1968, 0.6000]
[0.2016, 0.1152, 0.2544, 0.1392, 0.1968] [0.1920, 0.3750]
[0.1152, 0.2544, 0.1392, 0.1968, 0.1920] [0.2640, 0.1667]
[0.1104, 0.2112, 0.2112, 0.1632, 0.1440] [0.2256, 0.2222]
[0.2112, 0.2112, 0.1632, 0.1440, 0.2256] [0.1632, 0.3636]
[0.2112, 0.1632, 0.1440, 0.2256, 0.1632] [0.1344, 0.2857]
[0.1632, 0.1440, 0.2256, 0.1632, 0.1344] [0.0960, 0.1667]
[0.1440, 0.2256, 0.1632, 0.1344, 0.0960] [0.1392, 1.0000]
[0.2256, 0.1632, 0.1344, 0.0960, 0.1392] [0.1632, 1.0000]
[0.1632, 0.1344, 0.0960, 0.1392, 0.1632] [0.1632, 0.6667]
[0.1344, 0.0960, 0.1392, 0.1632, 0.1632] [0.2304, 0.2500]
[0.1872, 0.1104, 0.1248, 0.2304, 0.1872] [0.1248, 0.5556]
[0.1104, 0.1248, 0.2304, 0.1872, 0.1248] [0.2208, 0.3000]
[0.1248, 0.2304, 0.1872, 0.1248, 0.2208] [0.2016, 0.8000]
[0.2304, 0.1872, 0.1248, 0.2208, 0.2016] [0.1440, 0.2500]
[0.1872, 0.1248, 0.2208, 0.2016, 0.1440] [0.2544, 0.1667]
[0.1248, 0.2208, 0.2016, 0.1440, 0.2544] [0.1968, 0.8000]
[0.2208, 0.2016, 0.1440, 0.2544, 0.1968] [0.2160, 0.2500]
[0.2016, 0.1440, 0.2544, 0.1968, 0.2160] [0.2160, 0.3333]
[0.1824, 0.1824, 0.1152, 0.1008, 0.2400] [0.2112, 1.0000]
[0.1824, 0.1152, 0.1008, 0.2400, 0.2112] [0.2496, 0.6667]
[0.1152, 0.1008, 0.2400, 0.2112, 0.2496] [0.1344, 0.5000]
[0.1008, 0.2400, 0.2112, 0.2496, 0.1344] [0.0960, 0.6667]
[0.2400, 0.2112, 0.2496, 0.1344, 0.0960] [0.1008, 0.5000]
[0.2112, 0.2496, 0.1344, 0.0960, 0.1008] [0.1056, 0.5000]
[0.2496, 0.1344, 0.0960, 0.1008, 0.1056] [0.1056, 1.0000]
[0.1344, 0.0960, 0.1008, 0.1056, 0.1056] [0.2160, 1.0000]
[0.2400, 0.1536, 0.1344, 0.2352, 0.1632] [0.1440, 0.4286]
[0.1536, 0.1344, 0.2352, 0.1632, 0.1440] [0.1824, 0.5000]
[0.1344, 0.2352, 0.1632, 0.1440, 0.1824] [0.2016, 0.6000]
[0.2352, 0.1632, 0.1440, 0.1824, 0.2016] [0.1824, 0.5000]
[0.1632, 0.1440, 0.1824, 0.2016, 0.1824] [0.2304, 0.2308]
[0.1824, 0.2496, 0.1872, 0.2016, 0.1920] [0.2544, 0.2222]
[0.2496, 0.1872, 0.2016, 0.1920, 0.2544] [0.1776, 0.2500]
[0.1872, 0.2016, 0.1920, 0.2544, 0.1776] [0.1440, 0.2500]
[0.1920, 0.1824, 0.1728, 0.2304, 0.1104] [0.1344, 0.3000]
[0.1824, 0.1728, 0.2304, 0.1104, 0.1344] [0.1824, 0.4000]
[0.1728, 0.2304, 0.1104, 0.1344, 0.1824] [0.1056, 0.4000]
[0.2304, 0.1104, 0.1344, 0.1824, 0.1056] [0.2400, 0.5000]
[0.2112, 0.1344, 0.2448, 0.2064, 0.2448] [0.1776, 0.1667]
[0.1680, 0.1680, 0.2352, 0.1248, 0.2160] [0.1728, 0.5000]
[0.1680, 0.2352, 0.1248, 0.2160, 0.1728] [0.2064, 0.7143]
[0.2352, 0.1248, 0.2160, 0.1728, 0.2064] [0.1536, 0.3333]
[0.1392, 0.2112, 0.1104, 0.1104, 0.1824] [0.2496, 0.5000]
[0.2112, 0.1104, 0.1104, 0.1824, 0.2496] [0.2352, 0.2500]
[0.1104, 0.1104, 0.1824, 0.2496, 0.2352] [0.1824, 0.5714]
[0.1104, 0.1824, 0.2496, 0.2352, 0.1824] [0.2256, 0.4000]
[0.1824, 0.2496, 0.2352, 0.1824, 0.2256] [0.2064, 0.3333]
[0.1344, 0.0960, 0.1344, 0.1968, 0.1872] [0.1200, 0.5000]
[0.0960, 0.1344, 0.1968, 0.1872, 0.1200] [0.1200, 0.6667]
[0.1344, 0.1968, 0.1872, 0.1200, 0.1200] [0.1824, 0.6250]
[0.1968, 0.1872, 0.1200, 0.1200, 0.1824] [0.1824, 0.4545]
[0.1872, 0.1200, 0.1200, 0.1824, 0.1824] [0.1200, 0.4000]
[0.1200, 0.1200, 0.1824, 0.1824, 0.1200] [0.1536, 0.7500]
[0.1200, 0.1824, 0.1824, 0.1200, 0.1536] [0.1920, 0.6250]
[0.1824, 0.1824, 0.1200, 0.1536, 0.1920] [0.1632, 0.4545]
[0.1824, 0.1200, 0.1536, 0.1920, 0.1632] [0.1872, 0.4000]
[0.1200, 0.1536, 0.1920, 0.1632, 0.1872] [0.2256, 0.3333]
[0.1536, 0.1920, 0.1632, 0.1872, 0.2256] [0.1488, 0.2222]
[0.1920, 0.1632, 0.1872, 0.2256, 0.1488] [0.1488, 0.3000]
[0.1632, 0.1872, 0.2256, 0.1488, 0.1488] [0.2256, 0.4000]
[0.1872, 0.2256, 0.1488, 0.1488, 0.2256] [0.2256, 0.5000]
[0.2256, 0.1488, 0.1488, 0.2256, 0.2256] [0.2016, 0.5000]
[0.1488, 0.1488, 0.2256, 0.2256, 0.2016] [0.1344, 1.0000]
[0.1488, 0.2256, 0.2256, 0.2016, 0.1344] [0.1872, 0.3333]
[0.2256, 0.2256, 0.2016, 0.1344, 0.1872] [0.2016, 1.0000]
[0.2256, 0.2016, 0.1344, 0.1872, 0.2016] [0.1632, 0.5000]
[0.2016, 0.1344, 0.1872, 0.2016, 0.1632] [0.2352, 0.2308]
[0.1344, 0.1872, 0.2016, 0.1632, 0.2352] [0.2112, 0.5556]
[0.1872, 0.2016, 0.1632, 0.2352, 0.2112] [0.1104, 0.2500]
[0.2016, 0.1632, 0.2352, 0.2112, 0.1104] [0.1824, 0.6667]
[0.1248, 0.1920, 0.2544, 0.1872, 0.2016] [0.2592, 0.5556]
[0.1920, 0.2544, 0.1872, 0.2016, 0.2592] [0.1296, 0.2857]
[0.2544, 0.1872, 0.2016, 0.2592, 0.1296] [0.2208, 0.2857]
[0.1872, 0.2016, 0.2592, 0.1296, 0.2208] [0.1536, 0.3333]
[0.2016, 0.2592, 0.1296, 0.2208, 0.1536] [0.2064, 0.5000]
[0.2592, 0.1296, 0.2208, 0.1536, 0.2064] [0.1632, 0.6000]
[0.1296, 0.2208, 0.1536, 0.2064, 0.1632] [0.1824, 0.5000]
[0.2208, 0.1536, 0.2064, 0.1632, 0.1824] [0.2256, 0.3333]
[0.1536, 0.2064, 0.1632, 0.1824, 0.2256] [0.1776, 0.5556]
[0.2064, 0.1632, 0.1824, 0.2256, 0.1776] [0.1248, 0.2500]
[0.1968, 0.1872, 0.2592, 0.1632, 0.2496] [0.2640, 0.4286]
[0.1872, 0.2592, 0.1632, 0.2496, 0.2640] [0.1392, 0.4000]
[0.1632, 0.2112, 0.1728, 0.1632, 0.2208] [0.2016, 0.3636]
[0.2112, 0.1728, 0.1632, 0.2208, 0.2016] [0.2016, 0.2500]
[0.1728, 0.1632, 0.2208, 0.2016, 0.2016] [0.1680, 0.5455]
[0.1872, 0.1152, 0.1968, 0.1968, 0.2592] [0.1584, 0.3333]
[0.1152, 0.1968, 0.1968, 0.2592, 0.1584] [0.1248, 0.2000]
[0.1968, 0.1968, 0.2592, 0.1584, 0.1248] [0.1248, 0.2000]
[0.2352, 0.1104, 0.1776, 0.2016, 0.1632] [0.2064, 0.3333]
[0.1104, 0.1776, 0.2016, 0.1632, 0.2064] [0.1968, 0.5385]
[0.1776, 0.2016, 0.1632, 0.2064, 0.1968] [0.1152, 0.3333]
[0.2016, 0.1632, 0.2064, 0.1968, 0.1152] [0.1632, 0.1538]
[0.1632, 0.2064, 0.1968, 0.1152, 0.1632] [0.2544, 0.4545]
[0.2064, 0.1968, 0.1152, 0.1632, 0.2544] [0.1584, 0.3750]
[0.1968, 0.1152, 0.1632, 0.2544, 0.1584] [0.1200, 0.6000]
[0.2400, 0.1344, 0.1056, 0.1392, 0.1536] [0.2112, 0.5000]
[0.2064, 0.1344, 0.1776, 0.2304, 0.2064] [0.1392, 0.3333]
[0.1344, 0.1776, 0.2304, 0.2064, 0.1392] [0.2304, 0.5000]
[0.1776, 0.2304, 0.2064, 0.1392, 0.2304] [0.1728, 0.5000]
[0.1680, 0.1824, 0.2304, 0.1968, 0.2496] [0.1200, 0.2857]
[0.1824, 0.2304, 0.1968, 0.2496, 0.1200] [0.2064, 0.2500]
[0.2304, 0.1968, 0.2496, 0.1200, 0.2064] [0.1488, 0.4286]
[0.2064, 0.1632, 0.1632, 0.2400, 0.1344] [0.1872, 0.4000]
[0.1632, 0.1632, 0.2400, 0.1344, 0.1872] [0.2400, 0.3333]
[0.1632, 0.2400, 0.1344, 0.1872, 0.2400] [0.2640, 0.4000]
[0.2400, 0.1344, 0.1872, 0.2400, 0.2640] [0.2400, 0.5000]
[0.1344, 0.1872, 0.2400, 0.2640, 0.2400] [0.1872, 0.6000]
[0.1872, 0.2400, 0.2640, 0.2400, 0.1872] [0.2208, 0.1818]
[0.2400, 0.2640, 0.2400, 0.1872, 0.2208] [0.1536, 0.4286]
[0.2640, 0.2400, 0.1872, 0.2208, 0.1536] [0.2592, 0.2500]
[0.2400, 0.1872, 0.2208, 0.1536, 0.2592] [0.1632, 0.7143]
[0.1872, 0.2208, 0.1536, 0.2592, 0.1632] [0.0912, 0.1429]
[0.2208, 0.1536, 0.2592, 0.1632, 0.0912] [0.1536, 1.0000]
[0.1536, 0.2592, 0.1632, 0.0912, 0.1536] [0.2160, 0.5000]
[0.2592, 0.1632, 0.0912, 0.1536, 0.2160] [0.1680, 1.0000]
[0.1632, 0.0912, 0.1536, 0.2160, 0.1680] [0.2160, 0.5000]
[0.0912, 0.1536, 0.2160, 0.1680, 0.2160] [0.1536, 1.0000]
[0.1536, 0.2160, 0.1680, 0.2160, 0.1536] [0.2112, 0.5714]
[0.2160, 0.1680, 0.2160, 0.1536, 0.2112] [0.1536, 0.4286]
[0.1680, 0.2160, 0.1536, 0.2112, 0.1536] [0.2256, 0.2500]
[0.2160, 0.1536, 0.2112, 0.1536, 0.2256] [0.2112, 0.3333]
[0.1536, 0.2112, 0.1536, 0.2256, 0.2112] [0.1632, 0.4286]
[0.2112, 0.1536, 0.2256, 0.2112, 0.1632] [0.1440, 0.2500]
[0.1536, 0.2256, 0.2112, 0.1632, 0.1440] [0.2448, 0.3333]
[0.2160, 0.1776, 0.2208, 0.1104, 0.2016] [0.1488, 0.4286]
[0.1776, 0.2208, 0.1104, 0.2016, 0.1488] [0.2064, 0.2500]
[0.2208, 0.1104, 0.2016, 0.1488, 0.2064] [0.1440, 0.6000]
[0.1104, 0.2016, 0.1488, 0.2064, 0.1440] [0.2352, 0.5000]
[0.2016, 0.1488, 0.2064, 0.1440, 0.2352] [0.1104, 0.3333]
[0.1488, 0.2064, 0.1440, 0.2352, 0.1104] [0.1728, 0.6000]
[0.2064, 0.1440, 0.2352, 0.1104, 0.1728] [0.1632, 0.3750]
[0.1440, 0.2352, 0.1104, 0.1728, 0.1632] [0.1776, 0.5000]
[0.2352, 0.1104, 0.1728, 0.1632, 0.1776] [0.1584, 0.3333]
[0.1104, 0.1728, 0.1632, 0.1776, 0.1584] [0.2112, 0.5556]
[0.1728, 0.1632, 0.1776, 0.1584, 0.2112] [0.1296, 0.3636]
[0.1632, 0.1776, 0.1584, 0.2112, 0.1296] [0.1296, 0.5000]
[0.1776, 0.1584, 0.2112, 0.1296, 0.1296] [0.1344, 0.6000]
[0.1584, 0.2112, 0.1296, 0.1296, 0.1344] [0.1920, 0.6000]
[0.2112, 0.1296, 0.1296, 0.1344, 0.1920] [0.1872, 0.5714]
[0.1296, 0.1296, 0.1344, 0.1920, 0.1872] [0.1872, 0.7143]
[0.1296, 0.1344, 0.1920, 0.1872, 0.1872] [0.1632, 0.3333]
[0.1920, 0.1392, 0.1680, 0.1632, 0.1968] [0.1968, 0.4615]
[0.1344, 0.2448, 0.1392, 0.1536, 0.2304] [0.2112, 1.0000]
[0.2448, 0.1392, 0.1536, 0.2304, 0.2112] [0.2160, 0.5714]
[0.1392, 0.1536, 0.2304, 0.2112, 0.2160] [0.0816, 0.1667]
[0.1536, 0.2304, 0.2112, 0.2160, 0.0816] [0.1776, 0.5000]
[0.2304, 0.2112, 0.2160, 0.0816, 0.1776] [0.1344, 1.0000]
[0.2112, 0.2160, 0.0816, 0.1776, 0.1344] [0.0912, 1.0000]
[0.2160, 0.0816, 0.1776, 0.1344, 0.0912] [0.0576, 1.0000]
[0.0816, 0.1776, 0.1344, 0.0912, 0.0576] [0.1344, 1.0000]
[0.1776, 0.1344, 0.0912, 0.0576, 0.1344] [0.1056, 1.0000]
[0.1344, 0.0912, 0.0576, 0.1344, 0.1056] [0.2208, 1.0000]
[0.0912, 0.0576, 0.1344, 0.1056, 0.2208] [0.1632, 1.0000]
[0.0576, 0.1344, 0.1056, 0.2208, 0.1632] [0.2208, 0.5000]
[0.1344, 0.1056, 0.2208, 0.1632, 0.2208] [0.1488, 0.5000]
[0.1056, 0.2208, 0.1632, 0.2208, 0.1488] [0.1488, 0.3333]
[0.2208, 0.1632, 0.2208, 0.1488, 0.1488] [0.2448, 0.5000]
[0.1632, 0.2208, 0.1488, 0.1488, 0.2448] [0.2160, 0.5000]
[0.2208, 0.1488, 0.1488, 0.2448, 0.2160] [0.2400, 0.5000]
[0.1440, 0.2352, 0.1248, 0.1056, 0.1584] [0.1200, 1.0000]
[0.2352, 0.1248, 0.1056, 0.1584, 0.1200] [0.2400, 0.5000]
[0.1248, 0.1056, 0.1584, 0.1200, 0.2400] [0.1248, 0.3333]
[0.1056, 0.1584, 0.1200, 0.2400, 0.1248] [0.1776, 1.0000]
[0.1584, 0.1200, 0.2400, 0.1248, 0.1776] [0.2544, 0.5000]
[0.1200, 0.2400, 0.1248, 0.1776, 0.2544] [0.1488, 0.4000]
[0.2400, 0.1248, 0.1776, 0.2544, 0.1488] [0.1152, 0.6667]
[0.1248, 0.1776, 0.2544, 0.1488, 0.1152] [0.2256, 0.2500]
[0.1248, 0.2640, 0.2496, 0.1680, 0.1392] [0.2256, 0.6667]
[0.2640, 0.2496, 0.1680, 0.1392, 0.2256] [0.1488, 0.4000]
[0.2496, 0.1680, 0.1392, 0.2256, 0.1488] [0.2208, 0.5000]
[0.2112, 0.2160, 0.2448, 0.1392, 0.1728] [0.1104, 0.4286]
[0.2160, 0.2448, 0.1392, 0.1728, 0.1104] [0.2400, 1.0000]
[0.2448, 0.1392, 0.1728, 0.1104, 0.2400] [0.1488, 0.3333]
[0.1392, 0.1872, 0.1488, 0.2496, 0.2016] [0.1680, 0.4286]
[0.1872, 0.1488, 0.2496, 0.2016, 0.1680] [0.1440, 0.2500]
[0.1488, 0.2496, 0.2016, 0.1680, 0.1440] [0.2304, 0.3333]
[0.2496, 0.2016, 0.1680, 0.1440, 0.2304] [0.1824, 0.7500]
[0.2016, 0.1680, 0.1440, 0.2304, 0.1824] [0.2256, 0.4286]
[0.1680, 0.1440, 0.2304, 0.1824, 0.2256] [0.1344, 0.5000]
[0.1440, 0.2304, 0.1824, 0.2256, 0.1344] [0.2400, 0.4286]
[0.2304, 0.1824, 0.2256, 0.1344, 0.2400] [0.1632, 0.7143]
[0.1824, 0.2256, 0.1344, 0.2400, 0.1632] [0.1920, 0.7143]
[0.2256, 0.1344, 0.2400, 0.1632, 0.1920] [0.2304, 0.2222]
[0.1344, 0.2400, 0.1632, 0.1920, 0.2304] [0.1920, 0.2857]
[0.2400, 0.1632, 0.1920, 0.2304, 0.1920] [0.1344, 0.2857]
[0.1632, 0.1920, 0.2304, 0.1920, 0.1344] [0.1776, 0.6667]
[0.1920, 0.2304, 0.1920, 0.1344, 0.1776] [0.2016, 0.3333]
[0.2304, 0.1920, 0.1344, 0.1776, 0.2016] [0.2400, 0.5000]
[0.1920, 0.1344, 0.1776, 0.2016, 0.2400] [0.1104, 0.3333]
[0.1344, 0.1776, 0.2016, 0.2400, 0.1104] [0.2496, 0.6000]
[0.2592, 0.2592, 0.1296, 0.1248, 0.1824] [0.1776, 0.5000]
[0.2592, 0.1296, 0.1248, 0.1824, 0.1776] [0.1296, 0.5000]
[0.1296, 0.1248, 0.1824, 0.1776, 0.1296] [0.1536, 0.7500]
[0.1584, 0.1920, 0.1824, 0.2112, 0.1872] [0.1680, 0.5385]
[0.1920, 0.1824, 0.2112, 0.1872, 0.1680] [0.1824, 0.5000]
[0.1824, 0.2112, 0.1872, 0.1680, 0.1824] [0.1248, 0.3333]
[0.2112, 0.1872, 0.1680, 0.1824, 0.1248] [0.1920, 0.1538]
[0.1872, 0.1680, 0.1824, 0.1248, 0.1920] [0.2400, 0.4545]
[0.1680, 0.1824, 0.1248, 0.1920, 0.2400] [0.1776, 0.3750]
[0.1680, 0.1056, 0.1680, 0.2064, 0.2352] [0.1056, 0.5000]
[0.1056, 0.1680, 0.2064, 0.2352, 0.1056] [0.2400, 1.0000]
[0.1680, 0.2064, 0.2352, 0.1056, 0.2400] [0.1440, 0.5000]
[0.2064, 0.2352, 0.1056, 0.2400, 0.1440] [0.1632, 1.0000]
[0.2352, 0.1056, 0.2400, 0.1440, 0.1632] [0.1872, 0.5000]
[0.1056, 0.2400, 0.1440, 0.1632, 0.1872] [0.2448, 1.0000]
[0.2400, 0.1440, 0.1632, 0.1872, 0.2448] [0.2448, 0.6000]
[0.1440, 0.1632, 0.1872, 0.2448, 0.2448] [0.1392, 0.5714]
[0.1632, 0.1872, 0.2448, 0.2448, 0.1392] [0.1344, 0.4286]
[0.1872, 0.2448, 0.2448, 0.1392, 0.1344] [0.2352, 0.3333]
[0.2448, 0.2448, 0.1392, 0.1344, 0.2352] [0.1488, 0.2500]
[0.2016, 0.1440, 0.1680, 0.1728, 0.1104] [0.2016, 0.5000]
[0.1440, 0.1680, 0.1728, 0.1104, 0.2016] [0.1056, 0.2000]
[0.1680, 0.1728, 0.1104, 0.2016, 0.1056] [0.1344, 1.0000]
[0.1728, 0.1104, 0.2016, 0.1056, 0.1344] [0.2064, 0.5000]
[0.1104, 0.2016, 0.1056, 0.1344, 0.2064] [0.1104, 1.0000]
[0.2016, 0.1056, 0.1344, 0.2064, 0.1104] [0.1680, 1.0000]
[0.1056, 0.1344, 0.2064, 0.1104, 0.1680] [0.1776, 1.0000]
[0.1344, 0.2064, 0.1104, 0.1680, 0.1776] [0.1920, 0.3636]
[0.2064, 0.1104, 0.1680, 0.1776, 0.1920] [0.1056, 0.0769]
[0.1104, 0.1680, 0.1776, 0.1920, 0.1056] [0.0960, 0.5000]
[0.1680, 0.1776, 0.1920, 0.1056, 0.0960] [0.1872, 0.5000]
[0.1200, 0.2640, 0.1920, 0.2160, 0.1584] [0.1728, 0.5714]
[0.2640, 0.1920, 0.2160, 0.1584, 0.1728] [0.2304, 0.2857]
[0.1920, 0.2160, 0.1584, 0.1728, 0.2304] [0.1392, 0.2000]
[0.2160, 0.1584, 0.1728, 0.2304, 0.1392] [0.1200, 0.6667]
[0.1584, 0.1728, 0.2304, 0.1392, 0.1200] [0.1488, 0.5000]
[0.1728, 0.2304, 0.1392, 0.1200, 0.1488] [0.1488, 0.6000]
[0.1392, 0.1824, 0.1488, 0.2016, 0.1680] [0.2256, 0.2727]
[0.1824, 0.1488, 0.2016, 0.1680, 0.2256] [0.1584, 0.3333]
[0.1920, 0.2448, 0.2448, 0.2448, 0.1344] [0.1536, 1.0000]
[0.2448, 0.2448, 0.2448, 0.1344, 0.1536] [0.1632, 0.5000]
[0.2448, 0.2448, 0.1344, 0.1536, 0.1632] [0.1392, 0.5000]
[0.2448, 0.1344, 0.1536, 0.1632, 0.1392] [0.2400, 0.3750]
[0.2304, 0.1392, 0.2208, 0.1824, 0.2016] [0.1056, 0.1111]
[0.1920, 0.2016, 0.1056, 0.2304, 0.1344] [0.1488, 1.0000]
[0.2016, 0.1056, 0.2304, 0.1344, 0.1488] [0.1776, 1.0000]
[0.1056, 0.2304, 0.1344, 0.1488, 0.1776] [0.1824, 0.3333]
[0.2304, 0.1344, 0.1488, 0.1776, 0.1824] [0.1056, 0.5000]
[0.1344, 0.1488, 0.1776, 0.1824, 0.1056] [0.1200, 1.0000]
[0.1488, 0.1776, 0.1824, 0.1056, 0.1200] [0.2256, 0.5000]
[0.1776, 0.1824, 0.1056, 0.1200, 0.2256] [0.2016, 1.0000]
[0.1824, 0.1056, 0.1200, 0.2256, 0.2016] [0.1440, 0.5000]
[0.1056, 0.1200, 0.2256, 0.2016, 0.1440] [0.2304, 1.0000]
[0.1344, 0.1344, 0.1680, 0.1728, 0.1392] [0.1344, 0.7500]
[0.1344, 0.1680, 0.1728, 0.1392, 0.1344] [0.1056, 0.1250]
[0.1680, 0.1728, 0.1392, 0.1344, 0.1056] [0.0960, 1.0000]
[0.1728, 0.1392, 0.1344, 0.1056, 0.0960] [0.1248, 1.0000]
[0.1776, 0.2112, 0.2448, 0.2448, 0.1680] [0.1344, 0.3333]
[0.2112, 0.2448, 0.2448, 0.1680, 0.1344] [0.2304, 0.4000]
[0.2448, 0.2448, 0.1680, 0.1344, 0.2304] [0.2256, 0.6000]
[0.2448, 0.1680, 0.1344, 0.2304, 0.2256] [0.2160, 0.2500]
[0.1680, 0.1344, 0.2304, 0.2256, 0.2160] [0.2160, 0.2500]
[0.1344, 0.2304, 0.2256, 0.2160, 0.2160] [0.1728, 0.3333]
[0.2256, 0.2496, 0.2640, 0.1440, 0.1776] [0.1728, 0.6667]
[0.2496, 0.2640, 0.1440, 0.1776, 0.1728] [0.2208, 1.0000]
[0.2640, 0.1440, 0.1776, 0.1728, 0.2208] [0.2352, 0.6000]
[0.1440, 0.1776, 0.1728, 0.2208, 0.2352] [0.1392, 0.5714]
[0.1776, 0.1728, 0.2208, 0.2352, 0.1392] [0.1632, 0.5714]
[0.1728, 0.2208, 0.2352, 0.1392, 0.1632] [0.2400, 0.2857]
[0.2208, 0.2352, 0.1392, 0.1632, 0.2400] [0.1248, 0.4000]
[0.2352, 0.1392, 0.1632, 0.2400, 0.1248] [0.1824, 0.3333]
[0.1392, 0.1632, 0.2400, 0.1248, 0.1824] [0.1488, 0.3333]
[0.1632, 0.2400, 0.1248, 0.1824, 0.1488] [0.1200, 0.2500]
[0.2400, 0.1248, 0.1824, 0.1488, 0.1200] [0.1824, 1.0000]
[0.1248, 0.1824, 0.1488, 0.1200, 0.1824] [0.1728, 0.5000]
[0.1776, 0.1584, 0.2112, 0.2544, 0.1200] [0.1872, 0.4000]
[0.1584, 0.2112, 0.2544, 0.1200, 0.1872] [0.1584, 0.3333]
[0.1104, 0.1824, 0.1728, 0.2640, 0.1440] [0.1632, 0.2000]
[0.1824, 0.1728, 0.2640, 0.1440, 0.1632] [0.2112, 0.5556]
[0.1728, 0.2640, 0.1440, 0.1632, 0.2112] [0.2112, 0.4000]
[0.2640, 0.1440, 0.1632, 0.2112, 0.2112] [0.1776, 0.3333]
[0.1440, 0.1632, 0.2112, 0.2112, 0.1776] [0.1488, 0.2308]
[0.1632, 0.2112, 0.2112, 0.1776, 0.1488] [0.2400, 0.5385]
[0.2112, 0.2112, 0.1776, 0.1488, 0.2400] [0.2400, 0.4545]
[0.2112, 0.1776, 0.1488, 0.2400, 0.2400] [0.1584, 0.4000]
[0.1392, 0.2064, 0.1968, 0.2544, 0.1152] [0.2400, 0.6000]
[0.2064, 0.1968, 0.2544, 0.1152, 0.2400] [0.1824, 0.5000]
[0.1968, 0.2544, 0.1152, 0.2400, 0.1824] [0.1632, 0.7143]
[0.2544, 0.1152, 0.2400, 0.1824, 0.1632] [0.1488, 0.3333]
[0.1152, 0.2400, 0.1824, 0.1632, 0.1488] [0.1392, 0.3333]
[0.2400, 0.1824, 0.1632, 0.1488, 0.1392] [0.1920, 0.4286]
[0.1824, 0.1632, 0.1488, 0.1392, 0.1920] [0.1440, 0.4545]
[0.1632, 0.1488, 0.1392, 0.1920, 0.1440] [0.1584, 0.2500]
[0.1488, 0.1392, 0.1920, 0.1440, 0.1584] [0.1104, 0.7500]
[0.1392, 0.1920, 0.1440, 0.1584, 0.1104] [0.1872, 0.6000]
[0.1920, 0.1440, 0.1584, 0.1104, 0.1872] [0.2400, 0.4286]
[0.1440, 0.1584, 0.1104, 0.1872, 0.2400] [0.2544, 0.6000]
[0.1584, 0.1104, 0.1872, 0.2400, 0.2544] [0.2064, 0.5714]
[0.1104, 0.1872, 0.2400, 0.2544, 0.2064] [0.1440, 0.4000]
[0.1872, 0.2400, 0.2544, 0.2064, 0.1440] [0.1920, 0.4000]
[0.2400, 0.2544, 0.2064, 0.1440, 0.1920] [0.1728, 1.0000]
[0.1536, 0.1872, 0.1008, 0.1248, 0.1824] [0.1200, 1.0000]
[0.1872, 0.1632, 0.2016, 0.2352, 0.2544] [0.1824, 0.4444]
[0.1632, 0.2016, 0.2352, 0.2544, 0.1824] [0.0960, 0.1111]
[0.2160, 0.2592, 0.1776, 0.1824, 0.2208] [0.1536, 0.4000]
[0.2592, 0.1776, 0.1824, 0.2208, 0.1536] [0.1872, 0.5714]
[0.1776, 0.1824, 0.2208, 0.1536, 0.1872] [0.2448, 0.3333]
[0.1872, 0.1200, 0.2448, 0.1200, 0.1920] [0.1344, 0.2500]
[0.1200, 0.2448, 0.1200, 0.1920, 0.1344] [0.2160, 0.2500]
[0.1248, 0.1344, 0.0672, 0.1440, 0.1968] [0.2496, 0.5000]
[0.1344, 0.0672, 0.1440, 0.1968, 0.2496] [0.2016, 0.3333]
[0.1488, 0.1680, 0.1440, 0.2304, 0.1152] [0.1008, 0.2000]
[0.1680, 0.1440, 0.2304, 0.1152, 0.1008] [0.1776, 1.0000]
[0.1440, 0.1440, 0.1968, 0.1968, 0.2304] [0.1872, 0.5000]
[0.1440, 0.1968, 0.1968, 0.2304, 0.1872] [0.1872, 1.0000]
[0.1968, 0.1968, 0.2304, 0.1872, 0.1872] [0.2064, 0.5455]
[0.1968, 0.2304, 0.1872, 0.1872, 0.2064] [0.1728, 0.4444]
[0.2304, 0.1872, 0.1872, 0.2064, 0.1728] [0.1728, 0.5000]
[0.1872, 0.1872, 0.2064, 0.1728, 0.1728] [0.2496, 0.1667]
[0.1872, 0.2064, 0.1728, 0.1728, 0.2496] [0.1920, 0.3636]
[0.2064, 0.1728, 0.1728, 0.2496, 0.1920] [0.2544, 0.5000]
[0.1920, 0.1152, 0.0960, 0.2160, 0.1776] [0.2496, 0.6667]
[0.1152, 0.0960, 0.2160, 0.1776, 0.2496] [0.1776, 0.5000]
[0.0960, 0.2160, 0.1776, 0.2496, 0.1776] [0.2304, 0.6667]
[0.2160, 0.1776, 0.2496, 0.1776, 0.2304] [0.2112, 0.3750]
[0.1776, 0.2496, 0.1776, 0.2304, 0.2112] [0.2448, 0.1667]
[0.2496, 0.1776, 0.2304, 0.2112, 0.2448] [0.1872, 0.3750]
[0.1776, 0.2304, 0.2112, 0.2448, 0.1872] [0.1824, 0.6667]
[0.2304, 0.2112, 0.2448, 0.1872, 0.1824] [0.1296, 0.2857]
[0.1872, 0.1872, 0.2544, 0.1824, 0.2064] [0.1728, 0.5455]
[0.1872, 0.2544, 0.1824, 0.2064, 0.1728] [0.1296, 0.3333]
[0.2544, 0.1824, 0.2064, 0.1728, 0.1296] [0.1536, 0.5000]
[0.1536, 0.2544, 0.1920, 0.1104, 0.1344] [0.2160, 0.6667]
[0.2544, 0.1920, 0.1104, 0.1344, 0.2160] [0.1968, 0.5000]
[0.1920, 0.1104, 0.1344, 0.2160, 0.1968] [0.1584, 0.5556]
[0.1104, 0.1344, 0.2160, 0.1968, 0.1584] [0.1872, 0.5000]
[0.1344, 0.2160, 0.1968, 0.1584, 0.1872] [0.1056, 0.2000]
[0.2160, 0.1968, 0.1584, 0.1872, 0.1056] [0.1200, 1.0000]
[0.1968, 0.1584, 0.1872, 0.1056, 0.1200] [0.0912, 0.5000]
[0.1584, 0.1872, 0.1056, 0.1200, 0.0912] [0.2256, 1.0000]
[0.1872, 0.1056, 0.1200, 0.0912, 0.2256] [0.1632, 1.0000]
[0.1056, 0.1200, 0.0912, 0.2256, 0.1632] [0.1296, 0.5000]
[0.1200, 0.0912, 0.2256, 0.1632, 0.1296] [0.1440, 0.5000]
[0.0912, 0.2256, 0.1632, 0.1296, 0.1440] [0.2064, 1.0000]
[0.2256, 0.1632, 0.1296, 0.1440, 0.2064] [0.2448, 0.6000]
[0.1632, 0.1296, 0.1440, 0.2064, 0.2448] [0.1872, 0.7500]
[0.1296, 0.1440, 0.2064, 0.2448, 0.1872] [0.1872, 0.5000]
[0.1440, 0.2064, 0.2448, 0.1872, 0.1872] [0.1392, 0.3333]
[0.2064, 0.2448, 0.1872, 0.1872, 0.1392] [0.1680, 0.3333]
[0.2448, 0.1872, 0.1872, 0.1392, 0.1680] [0.2352, 0.4000]
[0.1872, 0.1872, 0.1392, 0.1680, 0.2352] [0.2160, 0.2500]
[0.1872, 0.1392, 0.1680, 0.2352, 0.2160] [0.2640, 0.5000]
[0.1392, 0.1680, 0.2352, 0.2160, 0.2640] [0.1824, 0.6000]
[0.1680, 0.2352, 0.2160, 0.2640, 0.1824] [0.1968, 0.5455]
[0.2352, 0.2160, 0.2640, 0.1824, 0.1968] [0.1680, 0.5556]
[0.2160, 0.2640, 0.1824, 0.1968, 0.1680] [0.1728, 0.4545]
[0.2640, 0.1824, 0.1968, 0.1680, 0.1728] [0.2400, 0.3333]
[0.1824, 0.1968, 0.1680, 0.1728, 0.2400] [0.2544, 0.3636]
[0.1968, 0.1680, 0.1728, 0.2400, 0.2544] [0.2352, 0.5556]
[0.1680, 0.1728, 0.2400, 0.2544, 0.2352] [0.2352, 0.4000]
[0.1728, 0.2400, 0.2544, 0.2352, 0.2352] [0.2016, 0.4286]
[0.2400, 0.2544, 0.2352, 0.2352, 0.2016] [0.2016, 0.4000]
[0.2544, 0.2352, 0.2352, 0.2016, 0.2016] [0.2640, 0.3333]
[0.2544, 0.2256, 0.1152, 0.1248, 0.2448] [0.0960, 0.1250]
[0.2256, 0.1152, 0.1248, 0.2448, 0.0960] [0.1440, 0.5000]
[0.1152, 0.1248, 0.2448, 0.0960, 0.1440] [0.1968, 1.0000]
[0.1248, 0.2448, 0.0960, 0.1440, 0.1968] [0.2640, 1.0000]
[0.2352, 0.2400, 0.1344, 0.1200, 0.2256] [0.2400, 0.1250]
[0.1632, 0.1008, 0.1248, 0.1344, 0.1344] [0.2304, 1.0000]
[0.2544, 0.2304, 0.2304, 0.2064, 0.2352] [0.1104, 0.4286]
[0.1104, 0.2208, 0.1680, 0.1680, 0.1056] [0.2352, 0.5000]
[0.2112, 0.1152, 0.0912, 0.1968, 0.1872] [0.1680, 0.8000]
[0.1152, 0.0912, 0.1968, 0.1872, 0.1680] [0.2304, 0.5000]
[0.0912, 0.1968, 0.1872, 0.1680, 0.2304] [0.2160, 0.2500]
[0.1968, 0.1872, 0.1680, 0.2304, 0.2160] [0.2208, 0.5556]
[0.1488, 0.2160, 0.2400, 0.1344, 0.1392] [0.2400, 0.6000]
[0.2160, 0.2400, 0.1344, 0.1392, 0.2400] [0.1824, 0.5000]
[0.0672, 0.1056, 0.0864, 0.0528, 0.1584] [0.1584, 1.0000]
[0.1056, 0.0864, 0.0528, 0.1584, 0.1584] [0.1824, 1.0000]
[0.0864, 0.0528, 0.1584, 0.1584, 0.1824] [0.1392, 1.0000]
[0.0528, 0.1584, 0.1584, 0.1824, 0.1392] [0.0864, 1.0000]
[0.1584, 0.1584, 0.1824, 0.1392, 0.0864] [0.1968, 0.5000]
[0.1584, 0.1824, 0.1392, 0.0864, 0.1968] [0.1968, 1.0000]
[0.1824, 0.1392, 0.0864, 0.1968, 0.1968] [0.2112, 0.8000]
[0.1392, 0.0864, 0.1968, 0.1968, 0.2112] [0.1632, 0.3333]
[0.1344, 0.1200, 0.1296, 0.1776, 0.1824] [0.1488, 0.1429]
[0.1200, 0.1296, 0.1776, 0.1824, 0.1488] [0.1872, 0.2500]
[0.1296, 0.1776, 0.1824, 0.1488, 0.1872] [0.1872, 0.6000]
[0.1488, 0.1488, 0.1968, 0.2352, 0.2256] [0.1488, 0.2857]
[0.1488, 0.1968, 0.2352, 0.2256, 0.1488] [0.1728, 0.7500]
[0.1968, 0.2352, 0.2256, 0.1488, 0.1728] [0.2112, 0.2857]
[0.1584, 0.1296, 0.1392, 0.1440, 0.2352] [0.1584, 0.4000]
[0.2160, 0.1776, 0.1968, 0.1536, 0.1440] [0.1440, 0.4286]
[0.1776, 0.1968, 0.1536, 0.1440, 0.1440] [0.1248, 0.7500]
[0.1968, 0.1536, 0.1440, 0.1440, 0.1248] [0.2448, 0.6000]
[0.1536, 0.1440, 0.1440, 0.1248, 0.2448] [0.2304, 0.2000]
[0.1440, 0.1440, 0.1248, 0.2448, 0.2304] [0.2208, 0.3333]
[0.1440, 0.1248, 0.2448, 0.2304, 0.2208] [0.2208, 1.0000]
[0.1248, 0.2448, 0.2304, 0.2208, 0.2208] [0.2208, 0.6667]
[0.1680, 0.1680, 0.1680, 0.1584, 0.1920] [0.1536, 0.3636]
[0.1680, 0.1680, 0.1584, 0.1920, 0.1536] [0.2112, 0.5000]
[0.1680, 0.1584, 0.1920, 0.1536, 0.2112] [0.1632, 0.8000]
[0.1584, 0.1920, 0.1536, 0.2112, 0.1632] [0.1344, 0.3636]
[0.1920, 0.1536, 0.2112, 0.1632, 0.1344] [0.1488, 0.1667]
[0.1536, 0.2112, 0.1632, 0.1344, 0.1488] [0.2112, 0.6250]
[0.2112, 0.1632, 0.1344, 0.1488, 0.2112] [0.1104, 0.4545]
[0.1632, 0.1344, 0.1488, 0.2112, 0.1104] [0.1920, 0.3750]
[0.1344, 0.1488, 0.2112, 0.1104, 0.1920] [0.1872, 0.1667]
[0.1488, 0.2112, 0.1104, 0.1920, 0.1872] [0.1392, 0.3636]
[0.2112, 0.1104, 0.1920, 0.1872, 0.1392] [0.2304, 0.3333]
[0.1104, 0.1920, 0.1872, 0.1392, 0.2304] [0.2064, 0.3333]
[0.1920, 0.1872, 0.1392, 0.2304, 0.2064] [0.1872, 0.2857]
[0.1392, 0.1392, 0.1872, 0.1920, 0.2640] [0.1872, 0.5000]
[0.2448, 0.1392, 0.2016, 0.2544, 0.1680] [0.2400, 0.2000]
[0.1392, 0.2016, 0.2544, 0.1680, 0.2400] [0.1536, 0.6667]
[0.2016, 0.2544, 0.1680, 0.2400, 0.1536] [0.2160, 0.7500]
[0.2544, 0.1680, 0.2400, 0.1536, 0.2160] [0.2640, 0.1429]
[0.1680, 0.2400, 0.1536, 0.2160, 0.2640] [0.1440, 0.6667]
[0.2400, 0.1536, 0.2160, 0.2640, 0.1440] [0.1488, 0.3333]
[0.1536, 0.2160, 0.2640, 0.1440, 0.1488] [0.2496, 0.6000]
[0.2160, 0.2640, 0.1440, 0.1488, 0.2496] [0.1584, 0.2500]
[0.2640, 0.1440, 0.1488, 0.2496, 0.1584] [0.2064, 0.3333]
[0.1440, 0.1488, 0.2496, 0.1584, 0.2064] [0.2064, 0.5000]
